<HTML>
<HEAD><TITLE>ModelWeb Results</TITLE></HEAD>
<BODY>
<Body><center><font size=5 color=red>VITMO ModelWeb Browser Results </font><br>
<font size=5 color=red><i>msis</i> model listing </font></center>
<font size=3 color=black><b>Input parameters</b> </font><br>
year= 2016., month= 8, day= 25, hour=1., <BR>
Time_type = Universal<BR>
Coordinate_type = Geographic<BR>
latitude= 52.0002, longitude= 106.463, height= 0.<BR>
Prof. parameters: start= 0. stop= 300. step= 0.500000  <BR>
<p>
<b>Optional parametes:</b> F10.7(daily) =not specifyed; F10.7(3-month avg) =not specifyed; ap(daily) = not specifyed <BR>
<pre>   Selected parameters are:
1 Year
2 Month
3 Day
4 DOY
5 Hour of day
6 Height, km
7 O, cm-3 
8 N2, cm-3
9 O2, cm-3
10 Mass_density, g/cm-3
11 Temperature_neutral, K
12 Temperature_exospheric, K
13 He, cm-3 
14 Ar, cm-3
15 H, cm-3
16 N, cm-3
17 O/N2_ratio
18 O/O2_ratio

   1  2  3   4     5      6          7          8          9        10     11    12         13         14         15         16        17        18
2016  8 25 238  1.00    0.0  0.000E+00  2.033E+19  5.453E+18 1.251E-03  287.3  1037  1.364E+14  2.432E+17  0.000E+00  0.000E+00  0.00E+00  0.00E+00
2016  8 25 238  1.00    0.5  0.000E+00  1.924E+19  5.161E+18 1.184E-03  286.1  1037  1.291E+14  2.301E+17  0.000E+00  0.000E+00  0.00E+00  0.00E+00
2016  8 25 238  1.00    1.0  0.000E+00  1.823E+19  4.891E+18 1.122E-03  284.3  1037  1.224E+14  2.181E+17  0.000E+00  0.000E+00  0.00E+00  0.00E+00
2016  8 25 238  1.00    1.5  0.000E+00  1.730E+19  4.642E+18 1.065E-03  282.0  1037  1.161E+14  2.070E+17  0.000E+00  0.000E+00  0.00E+00  0.00E+00
2016  8 25 238  1.00    2.0  0.000E+00  1.644E+19  4.409E+18 1.011E-03  279.4  1037  1.103E+14  1.966E+17  0.000E+00  0.000E+00  0.00E+00  0.00E+00
2016  8 25 238  1.00    2.5  0.000E+00  1.562E+19  4.191E+18 9.612E-04  276.4  1037  1.048E+14  1.869E+17  0.000E+00  0.000E+00  0.00E+00  0.00E+00
2016  8 25 238  1.00    3.0  0.000E+00  1.486E+19  3.985E+18 9.140E-04  273.2  1037  9.969E+13  1.777E+17  0.000E+00  0.000E+00  0.00E+00  0.00E+00
2016  8 25 238  1.00    3.5  0.000E+00  1.413E+19  3.790E+18 8.692E-04  269.8  1037  9.481E+13  1.690E+17  0.000E+00  0.000E+00  0.00E+00  0.00E+00
2016  8 25 238  1.00    4.0  0.000E+00  1.343E+19  3.604E+18 8.265E-04  266.2  1037  9.015E+13  1.607E+17  0.000E+00  0.000E+00  0.00E+00  0.00E+00
2016  8 25 238  1.00    4.5  0.000E+00  1.277E+19  3.425E+18 7.856E-04  262.6  1037  8.569E+13  1.527E+17  0.000E+00  0.000E+00  0.00E+00  0.00E+00
2016  8 25 238  1.00    5.0  0.000E+00  1.213E+19  3.254E+18 7.463E-04  258.9  1037  8.140E+13  1.451E+17  0.000E+00  0.000E+00  0.00E+00  0.00E+00
2016  8 25 238  1.00    5.5  0.000E+00  1.151E+19  3.089E+18 7.084E-04  255.2  1037  7.726E+13  1.377E+17  0.000E+00  0.000E+00  0.00E+00  0.00E+00
2016  8 25 238  1.00    6.0  0.000E+00  1.092E+19  2.929E+18 6.717E-04  251.6  1037  7.327E+13  1.306E+17  0.000E+00  0.000E+00  0.00E+00  0.00E+00
2016  8 25 238  1.00    6.5  0.000E+00  1.034E+19  2.774E+18 6.363E-04  248.1  1037  6.940E+13  1.237E+17  0.000E+00  0.000E+00  0.00E+00  0.00E+00
2016  8 25 238  1.00    7.0  0.000E+00  9.784E+18  2.625E+18 6.020E-04  244.8  1037  6.566E+13  1.170E+17  0.000E+00  0.000E+00  0.00E+00  0.00E+00
2016  8 25 238  1.00    7.5  0.000E+00  9.244E+18  2.480E+18 5.687E-04  241.5  1037  6.203E+13  1.106E+17  0.000E+00  0.000E+00  0.00E+00  0.00E+00
2016  8 25 238  1.00    8.0  0.000E+00  8.721E+18  2.339E+18 5.365E-04  238.5  1037  5.852E+13  1.043E+17  0.000E+00  0.000E+00  0.00E+00  0.00E+00
2016  8 25 238  1.00    8.5  0.000E+00  8.214E+18  2.204E+18 5.054E-04  235.6  1037  5.512E+13  9.825E+16  0.000E+00  0.000E+00  0.00E+00  0.00E+00
2016  8 25 238  1.00    9.0  0.000E+00  7.724E+18  2.072E+18 4.752E-04  233.0  1037  5.184E+13  9.239E+16  0.000E+00  0.000E+00  0.00E+00  0.00E+00
2016  8 25 238  1.00    9.5  0.000E+00  7.251E+18  1.945E+18 4.461E-04  230.6  1037  4.866E+13  8.674E+16  0.000E+00  0.000E+00  0.00E+00  0.00E+00
2016  8 25 238  1.00   10.0  0.000E+00  6.796E+18  1.823E+18 4.181E-04  228.4  1037  4.561E+13  8.129E+16  0.000E+00  0.000E+00  0.00E+00  0.00E+00
2016  8 25 238  1.00   10.5  0.000E+00  6.358E+18  1.706E+18 3.912E-04  226.6  1037  4.267E+13  7.605E+16  0.000E+00  0.000E+00  0.00E+00  0.00E+00
2016  8 25 238  1.00   11.0  0.000E+00  5.938E+18  1.593E+18 3.654E-04  224.9  1037  3.985E+13  7.103E+16  0.000E+00  0.000E+00  0.00E+00  0.00E+00
2016  8 25 238  1.00   11.5  0.000E+00  5.539E+18  1.486E+18 3.408E-04  223.6  1037  3.717E+13  6.625E+16  0.000E+00  0.000E+00  0.00E+00  0.00E+00
2016  8 25 238  1.00   12.0  0.000E+00  5.159E+18  1.384E+18 3.174E-04  222.4  1037  3.462E+13  6.170E+16  0.000E+00  0.000E+00  0.00E+00  0.00E+00
2016  8 25 238  1.00   12.5  0.000E+00  4.799E+18  1.287E+18 2.953E-04  221.4  1037  3.220E+13  5.740E+16  0.000E+00  0.000E+00  0.00E+00  0.00E+00
2016  8 25 238  1.00   13.0  0.000E+00  4.460E+18  1.196E+18 2.744E-04  220.6  1037  2.993E+13  5.334E+16  0.000E+00  0.000E+00  0.00E+00  0.00E+00
2016  8 25 238  1.00   13.5  0.000E+00  4.140E+18  1.111E+18 2.547E-04  219.9  1037  2.778E+13  4.952E+16  0.000E+00  0.000E+00  0.00E+00  0.00E+00
2016  8 25 238  1.00   14.0  0.000E+00  3.840E+18  1.030E+18 2.363E-04  219.5  1037  2.577E+13  4.593E+16  0.000E+00  0.000E+00  0.00E+00  0.00E+00
2016  8 25 238  1.00   14.5  0.000E+00  3.559E+18  9.548E+17 2.190E-04  219.1  1037  2.388E+13  4.257E+16  0.000E+00  0.000E+00  0.00E+00  0.00E+00
2016  8 25 238  1.00   15.0  0.000E+00  3.297E+18  8.844E+17 2.028E-04  218.9  1037  2.212E+13  3.943E+16  0.000E+00  0.000E+00  0.00E+00  0.00E+00
2016  8 25 238  1.00   15.5  0.000E+00  3.052E+18  8.187E+17 1.877E-04  218.8  1037  2.048E+13  3.650E+16  0.000E+00  0.000E+00  0.00E+00  0.00E+00
2016  8 25 238  1.00   16.0  0.000E+00  2.823E+18  7.575E+17 1.737E-04  218.8  1037  1.895E+13  3.377E+16  0.000E+00  0.000E+00  0.00E+00  0.00E+00
2016  8 25 238  1.00   16.5  0.000E+00  2.611E+18  7.006E+17 1.607E-04  218.9  1037  1.752E+13  3.124E+16  0.000E+00  0.000E+00  0.00E+00  0.00E+00
2016  8 25 238  1.00   17.0  0.000E+00  2.414E+18  6.477E+17 1.486E-04  219.0  1037  1.620E+13  2.888E+16  0.000E+00  0.000E+00  0.00E+00  0.00E+00
2016  8 25 238  1.00   17.5  0.000E+00  2.232E+18  5.988E+17 1.373E-04  219.3  1037  1.498E+13  2.670E+16  0.000E+00  0.000E+00  0.00E+00  0.00E+00
2016  8 25 238  1.00   18.0  0.000E+00  2.063E+18  5.534E+17 1.269E-04  219.6  1037  1.384E+13  2.468E+16  0.000E+00  0.000E+00  0.00E+00  0.00E+00
2016  8 25 238  1.00   18.5  0.000E+00  1.907E+18  5.115E+17 1.173E-04  219.9  1037  1.280E+13  2.281E+16  0.000E+00  0.000E+00  0.00E+00  0.00E+00
2016  8 25 238  1.00   19.0  0.000E+00  1.762E+18  4.728E+17 1.084E-04  220.2  1037  1.183E+13  2.108E+16  0.000E+00  0.000E+00  0.00E+00  0.00E+00
2016  8 25 238  1.00   19.5  0.000E+00  1.629E+18  4.370E+17 1.002E-04  220.6  1037  1.093E+13  1.948E+16  0.000E+00  0.000E+00  0.00E+00  0.00E+00
2016  8 25 238  1.00   20.0  0.000E+00  1.506E+18  4.039E+17 9.264E-05  221.0  1037  1.010E+13  1.801E+16  0.000E+00  0.000E+00  0.00E+00  0.00E+00
2016  8 25 238  1.00   20.5  0.000E+00  1.392E+18  3.735E+17 8.566E-05  221.3  1037  9.343E+12  1.665E+16  0.000E+00  0.000E+00  0.00E+00  0.00E+00
2016  8 25 238  1.00   21.0  0.000E+00  1.287E+18  3.454E+17 7.921E-05  221.7  1037  8.640E+12  1.540E+16  0.000E+00  0.000E+00  0.00E+00  0.00E+00
2016  8 25 238  1.00   21.5  0.000E+00  1.191E+18  3.195E+17 7.326E-05  222.0  1037  7.991E+12  1.424E+16  0.000E+00  0.000E+00  0.00E+00  0.00E+00
2016  8 25 238  1.00   22.0  0.000E+00  1.102E+18  2.955E+17 6.777E-05  222.4  1037  7.392E+12  1.318E+16  0.000E+00  0.000E+00  0.00E+00  0.00E+00
2016  8 25 238  1.00   22.5  0.000E+00  1.019E+18  2.734E+17 6.270E-05  222.7  1037  6.839E+12  1.219E+16  0.000E+00  0.000E+00  0.00E+00  0.00E+00
2016  8 25 238  1.00   23.0  0.000E+00  9.429E+17  2.530E+17 5.801E-05  223.1  1037  6.328E+12  1.128E+16  0.000E+00  0.000E+00  0.00E+00  0.00E+00
2016  8 25 238  1.00   23.5  0.000E+00  8.726E+17  2.341E+17 5.368E-05  223.4  1037  5.855E+12  1.044E+16  0.000E+00  0.000E+00  0.00E+00  0.00E+00
2016  8 25 238  1.00   24.0  0.000E+00  8.075E+17  2.166E+17 4.968E-05  223.8  1037  5.419E+12  9.659E+15  0.000E+00  0.000E+00  0.00E+00  0.00E+00
2016  8 25 238  1.00   24.5  0.000E+00  7.473E+17  2.005E+17 4.598E-05  224.2  1037  5.015E+12  8.939E+15  0.000E+00  0.000E+00  0.00E+00  0.00E+00
2016  8 25 238  1.00   25.0  0.000E+00  6.917E+17  1.856E+17 4.255E-05  224.6  1037  4.642E+12  8.273E+15  0.000E+00  0.000E+00  0.00E+00  0.00E+00
2016  8 25 238  1.00   25.5  0.000E+00  6.402E+17  1.717E+17 3.939E-05  225.1  1037  4.296E+12  7.658E+15  0.000E+00  0.000E+00  0.00E+00  0.00E+00
2016  8 25 238  1.00   26.0  0.000E+00  5.926E+17  1.590E+17 3.646E-05  225.5  1037  3.977E+12  7.088E+15  0.000E+00  0.000E+00  0.00E+00  0.00E+00
2016  8 25 238  1.00   26.5  0.000E+00  5.485E+17  1.472E+17 3.375E-05  226.0  1037  3.681E+12  6.561E+15  0.000E+00  0.000E+00  0.00E+00  0.00E+00
2016  8 25 238  1.00   27.0  0.000E+00  5.078E+17  1.362E+17 3.124E-05  226.5  1037  3.407E+12  6.074E+15  0.000E+00  0.000E+00  0.00E+00  0.00E+00
2016  8 25 238  1.00   27.5  0.000E+00  4.700E+17  1.261E+17 2.892E-05  227.1  1037  3.154E+12  5.622E+15  0.000E+00  0.000E+00  0.00E+00  0.00E+00
2016  8 25 238  1.00   28.0  0.000E+00  4.351E+17  1.167E+17 2.677E-05  227.7  1037  2.920E+12  5.205E+15  0.000E+00  0.000E+00  0.00E+00  0.00E+00
2016  8 25 238  1.00   28.5  0.000E+00  4.028E+17  1.081E+17 2.478E-05  228.4  1037  2.703E+12  4.818E+15  0.000E+00  0.000E+00  0.00E+00  0.00E+00
2016  8 25 238  1.00   29.0  0.000E+00  3.729E+17  1.000E+17 2.294E-05  229.1  1037  2.502E+12  4.460E+15  0.000E+00  0.000E+00  0.00E+00  0.00E+00
2016  8 25 238  1.00   29.5  0.000E+00  3.452E+17  9.261E+16 2.124E-05  229.9  1037  2.317E+12  4.129E+15  0.000E+00  0.000E+00  0.00E+00  0.00E+00
2016  8 25 238  1.00   30.0  0.000E+00  3.196E+17  8.573E+16 1.966E-05  230.8  1037  2.145E+12  3.823E+15  0.000E+00  0.000E+00  0.00E+00  0.00E+00
2016  8 25 238  1.00   30.5  0.000E+00  2.959E+17  7.937E+16 1.820E-05  231.7  1037  1.985E+12  3.539E+15  0.000E+00  0.000E+00  0.00E+00  0.00E+00
2016  8 25 238  1.00   31.0  0.000E+00  2.739E+17  7.348E+16 1.685E-05  232.7  1037  1.838E+12  3.276E+15  0.000E+00  0.000E+00  0.00E+00  0.00E+00
2016  8 25 238  1.00   31.5  0.000E+00  2.536E+17  6.802E+16 1.560E-05  233.7  1037  1.702E+12  3.033E+15  0.000E+00  0.000E+00  0.00E+00  0.00E+00
2016  8 25 238  1.00   32.0  0.000E+00  2.347E+17  6.298E+16 1.444E-05  234.9  1037  1.575E+12  2.808E+15  0.000E+00  0.000E+00  0.00E+00  0.00E+00
2016  8 25 238  1.00   32.5  0.000E+00  2.173E+17  5.830E+16 1.337E-05  236.1  1037  1.458E+12  2.600E+15  0.000E+00  0.000E+00  0.00E+00  0.00E+00
2016  8 25 238  1.00   33.0  0.000E+00  2.012E+17  5.399E+16 1.238E-05  237.4  1037  1.350E+12  2.407E+15  0.000E+00  0.000E+00  0.00E+00  0.00E+00
2016  8 25 238  1.00   33.5  0.000E+00  1.864E+17  5.001E+16 1.147E-05  238.7  1037  1.251E+12  2.230E+15  0.000E+00  0.000E+00  0.00E+00  0.00E+00
2016  8 25 238  1.00   34.0  0.000E+00  1.728E+17  4.635E+16 1.063E-05  240.0  1037  1.159E+12  2.066E+15  0.000E+00  0.000E+00  0.00E+00  0.00E+00
2016  8 25 238  1.00   34.5  0.000E+00  1.602E+17  4.297E+16 9.854E-06  241.3  1037  1.075E+12  1.916E+15  0.000E+00  0.000E+00  0.00E+00  0.00E+00
2016  8 25 238  1.00   35.0  0.000E+00  1.486E+17  3.985E+16 9.140E-06  242.7  1037  9.969E+11  1.777E+15  0.000E+00  0.000E+00  0.00E+00  0.00E+00
2016  8 25 238  1.00   35.5  0.000E+00  1.378E+17  3.698E+16 8.481E-06  244.0  1037  9.250E+11  1.649E+15  0.000E+00  0.000E+00  0.00E+00  0.00E+00
2016  8 25 238  1.00   36.0  0.000E+00  1.280E+17  3.433E+16 7.872E-06  245.3  1037  8.587E+11  1.531E+15  0.000E+00  0.000E+00  0.00E+00  0.00E+00
2016  8 25 238  1.00   36.5  0.000E+00  1.188E+17  3.188E+16 7.311E-06  246.6  1037  7.975E+11  1.421E+15  0.000E+00  0.000E+00  0.00E+00  0.00E+00
2016  8 25 238  1.00   37.0  0.000E+00  1.104E+17  2.962E+16 6.793E-06  247.9  1037  7.409E+11  1.321E+15  0.000E+00  0.000E+00  0.00E+00  0.00E+00
2016  8 25 238  1.00   37.5  0.000E+00  1.026E+17  2.753E+16 6.315E-06  249.1  1037  6.888E+11  1.228E+15  0.000E+00  0.000E+00  0.00E+00  0.00E+00
2016  8 25 238  1.00   38.0  0.000E+00  9.545E+16  2.561E+16 5.873E-06  250.4  1037  6.405E+11  1.142E+15  0.000E+00  0.000E+00  0.00E+00  0.00E+00
2016  8 25 238  1.00   38.5  0.000E+00  8.881E+16  2.383E+16 5.464E-06  251.6  1037  5.960E+11  1.062E+15  0.000E+00  0.000E+00  0.00E+00  0.00E+00
2016  8 25 238  1.00   39.0  0.000E+00  8.267E+16  2.218E+16 5.086E-06  252.8  1037  5.548E+11  9.889E+14  0.000E+00  0.000E+00  0.00E+00  0.00E+00
2016  8 25 238  1.00   39.5  0.000E+00  7.699E+16  2.066E+16 4.737E-06  253.9  1037  5.167E+11  9.210E+14  0.000E+00  0.000E+00  0.00E+00  0.00E+00
2016  8 25 238  1.00   40.0  0.000E+00  7.174E+16  1.925E+16 4.414E-06  255.0  1037  4.814E+11  8.581E+14  0.000E+00  0.000E+00  0.00E+00  0.00E+00
2016  8 25 238  1.00   40.5  0.000E+00  6.688E+16  1.794E+16 4.115E-06  256.1  1037  4.488E+11  8.000E+14  0.000E+00  0.000E+00  0.00E+00  0.00E+00
2016  8 25 238  1.00   41.0  0.000E+00  6.238E+16  1.673E+16 3.838E-06  257.1  1037  4.186E+11  7.461E+14  0.000E+00  0.000E+00  0.00E+00  0.00E+00
2016  8 25 238  1.00   41.5  0.000E+00  5.821E+16  1.562E+16 3.581E-06  258.1  1037  3.906E+11  6.962E+14  0.000E+00  0.000E+00  0.00E+00  0.00E+00
2016  8 25 238  1.00   42.0  0.000E+00  5.434E+16  1.458E+16 3.343E-06  259.0  1037  3.647E+11  6.500E+14  0.000E+00  0.000E+00  0.00E+00  0.00E+00
2016  8 25 238  1.00   42.5  0.000E+00  5.076E+16  1.362E+16 3.123E-06  259.8  1037  3.406E+11  6.072E+14  0.000E+00  0.000E+00  0.00E+00  0.00E+00
2016  8 25 238  1.00   43.0  0.000E+00  4.743E+16  1.273E+16 2.918E-06  260.6  1037  3.183E+11  5.674E+14  0.000E+00  0.000E+00  0.00E+00  0.00E+00
2016  8 25 238  1.00   43.5  0.000E+00  4.435E+16  1.190E+16 2.729E-06  261.3  1037  2.976E+11  5.305E+14  0.000E+00  0.000E+00  0.00E+00  0.00E+00
2016  8 25 238  1.00   44.0  0.000E+00  4.149E+16  1.113E+16 2.552E-06  261.9  1037  2.784E+11  4.962E+14  0.000E+00  0.000E+00  0.00E+00  0.00E+00
2016  8 25 238  1.00   44.5  0.000E+00  3.882E+16  1.042E+16 2.389E-06  262.4  1037  2.605E+11  4.644E+14  0.000E+00  0.000E+00  0.00E+00  0.00E+00
2016  8 25 238  1.00   45.0  0.000E+00  3.635E+16  9.752E+15 2.237E-06  262.9  1037  2.439E+11  4.348E+14  0.000E+00  0.000E+00  0.00E+00  0.00E+00
2016  8 25 238  1.00   45.5  0.000E+00  3.405E+16  9.135E+15 2.095E-06  263.2  1037  2.285E+11  4.073E+14  0.000E+00  0.000E+00  0.00E+00  0.00E+00
2016  8 25 238  1.00   46.0  0.000E+00  3.191E+16  8.561E+15 1.963E-06  263.5  1037  2.141E+11  3.817E+14  0.000E+00  0.000E+00  0.00E+00  0.00E+00
2016  8 25 238  1.00   46.5  0.000E+00  2.992E+16  8.026E+15 1.841E-06  263.6  1037  2.008E+11  3.579E+14  0.000E+00  0.000E+00  0.00E+00  0.00E+00
2016  8 25 238  1.00   47.0  0.000E+00  2.806E+16  7.527E+15 1.726E-06  263.7  1037  1.883E+11  3.356E+14  0.000E+00  0.000E+00  0.00E+00  0.00E+00
2016  8 25 238  1.00   47.5  0.000E+00  2.632E+16  7.062E+15 1.620E-06  263.7  1037  1.767E+11  3.149E+14  0.000E+00  0.000E+00  0.00E+00  0.00E+00
2016  8 25 238  1.00   48.0  0.000E+00  2.471E+16  6.628E+15 1.520E-06  263.6  1037  1.658E+11  2.955E+14  0.000E+00  0.000E+00  0.00E+00  0.00E+00
2016  8 25 238  1.00   48.5  0.000E+00  2.319E+16  6.222E+15 1.427E-06  263.4  1037  1.556E+11  2.774E+14  0.000E+00  0.000E+00  0.00E+00  0.00E+00
2016  8 25 238  1.00   49.0  0.000E+00  2.178E+16  5.842E+15 1.340E-06  263.2  1037  1.461E+11  2.605E+14  0.000E+00  0.000E+00  0.00E+00  0.00E+00
2016  8 25 238  1.00   49.5  0.000E+00  2.045E+16  5.487E+15 1.258E-06  262.8  1037  1.373E+11  2.447E+14  0.000E+00  0.000E+00  0.00E+00  0.00E+00
2016  8 25 238  1.00   50.0  0.000E+00  1.921E+16  5.155E+15 1.182E-06  262.4  1037  1.289E+11  2.298E+14  0.000E+00  0.000E+00  0.00E+00  0.00E+00
2016  8 25 238  1.00   50.5  0.000E+00  1.805E+16  4.843E+15 1.111E-06  262.0  1037  1.211E+11  2.159E+14  0.000E+00  0.000E+00  0.00E+00  0.00E+00
2016  8 25 238  1.00   51.0  0.000E+00  1.696E+16  4.551E+15 1.044E-06  261.4  1037  1.138E+11  2.029E+14  0.000E+00  0.000E+00  0.00E+00  0.00E+00
2016  8 25 238  1.00   51.5  0.000E+00  1.594E+16  4.277E+15 9.809E-07  260.8  1037  1.070E+11  1.907E+14  0.000E+00  0.000E+00  0.00E+00  0.00E+00
2016  8 25 238  1.00   52.0  0.000E+00  1.499E+16  4.020E+15 9.220E-07  260.2  1037  1.006E+11  1.792E+14  0.000E+00  0.000E+00  0.00E+00  0.00E+00
2016  8 25 238  1.00   52.5  0.000E+00  1.409E+16  3.779E+15 8.666E-07  259.5  1037  9.452E+10  1.685E+14  0.000E+00  0.000E+00  0.00E+00  0.00E+00
2016  8 25 238  1.00   53.0  0.000E+00  1.324E+16  3.552E+15 8.146E-07  258.7  1037  8.885E+10  1.584E+14  0.000E+00  0.000E+00  0.00E+00  0.00E+00
2016  8 25 238  1.00   53.5  0.000E+00  1.245E+16  3.339E+15 7.657E-07  257.9  1037  8.352E+10  1.489E+14  0.000E+00  0.000E+00  0.00E+00  0.00E+00
2016  8 25 238  1.00   54.0  0.000E+00  1.170E+16  3.139E+15 7.198E-07  257.0  1037  7.851E+10  1.399E+14  0.000E+00  0.000E+00  0.00E+00  0.00E+00
2016  8 25 238  1.00   54.5  0.000E+00  1.100E+16  2.950E+15 6.766E-07  256.1  1037  7.380E+10  1.315E+14  0.000E+00  0.000E+00  0.00E+00  0.00E+00
2016  8 25 238  1.00   55.0  0.000E+00  1.034E+16  2.773E+15 6.360E-07  255.1  1037  6.937E+10  1.236E+14  0.000E+00  0.000E+00  0.00E+00  0.00E+00
2016  8 25 238  1.00   55.5  0.000E+00  9.715E+15  2.606E+15 5.977E-07  254.1  1037  6.519E+10  1.162E+14  0.000E+00  0.000E+00  0.00E+00  0.00E+00
2016  8 25 238  1.00   56.0  0.000E+00  9.130E+15  2.449E+15 5.617E-07  253.1  1037  6.127E+10  1.092E+14  0.000E+00  0.000E+00  0.00E+00  0.00E+00
2016  8 25 238  1.00   56.5  0.000E+00  8.579E+15  2.301E+15 5.278E-07  252.0  1037  5.757E+10  1.026E+14  0.000E+00  0.000E+00  0.00E+00  0.00E+00
2016  8 25 238  1.00   57.0  0.000E+00  8.060E+15  2.162E+15 4.959E-07  250.9  1037  5.409E+10  9.641E+13  0.000E+00  0.000E+00  0.00E+00  0.00E+00
2016  8 25 238  1.00   57.5  0.000E+00  7.572E+15  2.031E+15 4.659E-07  249.8  1037  5.081E+10  9.057E+13  0.000E+00  0.000E+00  0.00E+00  0.00E+00
2016  8 25 238  1.00   58.0  0.000E+00  7.112E+15  1.908E+15 4.376E-07  248.6  1037  4.773E+10  8.507E+13  0.000E+00  0.000E+00  0.00E+00  0.00E+00
2016  8 25 238  1.00   58.5  0.000E+00  6.679E+15  1.792E+15 4.109E-07  247.4  1037  4.482E+10  7.989E+13  0.000E+00  0.000E+00  0.00E+00  0.00E+00
2016  8 25 238  1.00   59.0  0.000E+00  6.271E+15  1.682E+15 3.858E-07  246.2  1037  4.208E+10  7.501E+13  0.000E+00  0.000E+00  0.00E+00  0.00E+00
2016  8 25 238  1.00   59.5  0.000E+00  5.887E+15  1.579E+15 3.622E-07  244.9  1037  3.950E+10  7.042E+13  0.000E+00  0.000E+00  0.00E+00  0.00E+00
2016  8 25 238  1.00   60.0  0.000E+00  5.525E+15  1.482E+15 3.399E-07  243.7  1037  3.708E+10  6.609E+13  0.000E+00  0.000E+00  0.00E+00  0.00E+00
2016  8 25 238  1.00   60.5  0.000E+00  5.184E+15  1.391E+15 3.189E-07  242.4  1037  3.479E+10  6.201E+13  0.000E+00  0.000E+00  0.00E+00  0.00E+00
2016  8 25 238  1.00   61.0  0.000E+00  4.863E+15  1.305E+15 2.992E-07  241.1  1037  3.263E+10  5.817E+13  0.000E+00  0.000E+00  0.00E+00  0.00E+00
2016  8 25 238  1.00   61.5  0.000E+00  4.561E+15  1.223E+15 2.806E-07  239.8  1037  3.060E+10  5.455E+13  0.000E+00  0.000E+00  0.00E+00  0.00E+00
2016  8 25 238  1.00   62.0  0.000E+00  4.276E+15  1.147E+15 2.631E-07  238.4  1037  2.869E+10  5.114E+13  0.000E+00  0.000E+00  0.00E+00  0.00E+00
2016  8 25 238  1.00   62.5  0.000E+00  4.008E+15  1.075E+15 2.466E-07  237.1  1037  2.689E+10  4.794E+13  0.000E+00  0.000E+00  0.00E+00  0.00E+00
2016  8 25 238  1.00   63.0  0.000E+00  3.755E+15  1.007E+15 2.310E-07  235.7  1037  2.521E+10  4.487E+13  0.000E+00  0.000E+00  0.00E+00  0.00E+00
2016  8 25 238  1.00   63.5  0.000E+00  3.518E+15  9.434E+14 2.164E-07  234.3  1037  2.362E+10  4.199E+13  0.000E+00  0.000E+00  0.00E+00  0.00E+00
2016  8 25 238  1.00   64.0  0.000E+00  3.294E+15  8.833E+14 2.026E-07  232.9  1037  2.212E+10  3.929E+13  0.000E+00  0.000E+00  0.00E+00  0.00E+00
2016  8 25 238  1.00   64.5  0.000E+00  3.083E+15  8.267E+14 1.897E-07  231.5  1037  2.071E+10  3.674E+13  0.000E+00  0.000E+00  0.00E+00  0.00E+00
2016  8 25 238  1.00   65.0  0.000E+00  2.885E+15  7.735E+14 1.775E-07  230.1  1037  1.939E+10  3.435E+13  0.000E+00  0.000E+00  0.00E+00  0.00E+00
2016  8 25 238  1.00   65.5  0.000E+00  2.699E+15  7.234E+14 1.660E-07  228.7  1037  1.814E+10  3.210E+13  0.000E+00  0.000E+00  0.00E+00  0.00E+00
2016  8 25 238  1.00   66.0  0.000E+00  2.524E+15  6.764E+14 1.552E-07  227.3  1037  1.697E+10  2.998E+13  0.000E+00  0.000E+00  0.00E+00  0.00E+00
2016  8 25 238  1.00   66.5  0.000E+00  2.359E+15  6.321E+14 1.451E-07  225.8  1037  1.586E+10  2.800E+13  0.000E+00  0.000E+00  0.00E+00  0.00E+00
2016  8 25 238  1.00   67.0  0.000E+00  2.204E+15  5.905E+14 1.355E-07  224.4  1037  1.483E+10  2.613E+13  0.000E+00  0.000E+00  0.00E+00  0.00E+00
2016  8 25 238  1.00   67.5  0.000E+00  2.058E+15  5.514E+14 1.266E-07  223.0  1037  1.385E+10  2.438E+13  0.000E+00  0.000E+00  0.00E+00  0.00E+00
2016  8 25 238  1.00   68.0  0.000E+00  1.921E+15  5.147E+14 1.182E-07  221.6  1037  1.293E+10  2.274E+13  0.000E+00  0.000E+00  0.00E+00  0.00E+00
2016  8 25 238  1.00   68.5  0.000E+00  1.793E+15  4.802E+14 1.102E-07  220.1  1037  1.207E+10  2.120E+13  0.000E+00  0.000E+00  0.00E+00  0.00E+00
2016  8 25 238  1.00   69.0  0.000E+00  1.672E+15  4.478E+14 1.028E-07  218.7  1037  1.126E+10  1.975E+13  0.000E+00  0.000E+00  0.00E+00  0.00E+00
2016  8 25 238  1.00   69.5  0.000E+00  1.559E+15  4.174E+14 9.586E-08  217.3  1037  1.050E+10  1.840E+13  0.000E+00  0.000E+00  0.00E+00  0.00E+00
2016  8 25 238  1.00   70.0  0.000E+00  1.453E+15  3.889E+14 8.932E-08  215.8  1037  9.789E+09  1.713E+13  0.000E+00  0.000E+00  0.00E+00  0.00E+00
2016  8 25 238  1.00   70.5  0.000E+00  1.353E+15  3.622E+14 8.319E-08  214.4  1037  9.120E+09  1.594E+13  0.000E+00  0.000E+00  0.00E+00  0.00E+00
2016  8 25 238  1.00   71.0  0.000E+00  1.260E+15  3.372E+14 7.745E-08  213.0  1037  8.493E+09  1.482E+13  0.000E+00  0.000E+00  0.00E+00  0.00E+00
2016  8 25 238  1.00   71.5  0.000E+00  1.172E+15  3.137E+14 7.206E-08  211.6  1037  7.905E+09  1.378E+13  0.000E+00  0.000E+00  0.00E+00  0.00E+00
2016  8 25 238  1.00   72.0  0.000E+00  1.090E+15  2.917E+14 6.702E-08  210.2  1037  7.354E+09  1.280E+13  0.000E+00  0.000E+00  0.00E+00  0.00E+00
2016  8 25 238  1.00   72.5  2.189E+07  1.013E+15  2.711E+14 6.230E-08  208.8  1037  6.838E+09  1.189E+13  2.712E+03  5.255E+04  2.16E-08  8.07E-08
2016  8 25 238  1.00   73.0  3.259E+07  9.433E+14  2.523E+14 5.799E-08  207.3  1037  6.368E+09  1.106E+13  4.457E+03  5.487E+04  3.45E-08  1.29E-07
2016  8 25 238  1.00   73.5  4.834E+07  8.768E+14  2.345E+14 5.389E-08  205.7  1037  5.921E+09  1.027E+13  7.988E+03  5.725E+04  5.51E-08  2.06E-07
2016  8 25 238  1.00   74.0  7.151E+07  8.149E+14  2.179E+14 5.009E-08  204.0  1037  5.506E+09  9.543E+12  1.561E+04  5.973E+04  8.78E-08  3.28E-07
2016  8 25 238  1.00   74.5  1.054E+08  7.573E+14  2.024E+14 4.654E-08  202.2  1037  5.119E+09  8.862E+12  3.302E+04  6.233E+04  1.39E-07  5.21E-07
2016  8 25 238  1.00   75.0  1.546E+08  7.035E+14  1.880E+14 4.323E-08  200.4  1037  4.758E+09  8.227E+12  7.451E+04  6.503E+04  2.20E-07  8.22E-07
2016  8 25 238  1.00   75.5  2.256E+08  6.533E+14  1.745E+14 4.014E-08  198.5  1037  4.422E+09  7.634E+12  1.758E+05  6.784E+04  3.45E-07  1.29E-06
2016  8 25 238  1.00   76.0  3.272E+08  6.063E+14  1.619E+14 3.726E-08  196.5  1037  4.107E+09  7.080E+12  4.226E+05  7.075E+04  5.40E-07  2.02E-06
2016  8 25 238  1.00   76.5  4.713E+08  5.624E+14  1.502E+14 3.456E-08  194.6  1037  3.812E+09  6.562E+12  1.008E+06  7.375E+04  8.38E-07  3.14E-06
2016  8 25 238  1.00   77.0  6.737E+08  5.214E+14  1.392E+14 3.203E-08  192.6  1037  3.537E+09  6.078E+12  2.324E+06  7.685E+04  1.29E-06  4.84E-06
2016  8 25 238  1.00   77.5  9.551E+08  4.830E+14  1.289E+14 2.967E-08  190.6  1037  3.279E+09  5.625E+12  5.058E+06  8.003E+04  1.98E-06  7.41E-06
2016  8 25 238  1.00   78.0  1.342E+09  4.470E+14  1.192E+14 2.745E-08  188.6  1037  3.038E+09  5.201E+12  1.022E+07  8.328E+04  3.00E-06  1.13E-05
2016  8 25 238  1.00   78.5  1.870E+09  4.133E+14  1.102E+14 2.538E-08  186.6  1037  2.812E+09  4.805E+12  1.898E+07  8.661E+04  4.52E-06  1.70E-05
2016  8 25 238  1.00   79.0  2.578E+09  3.819E+14  1.018E+14 2.345E-08  184.7  1037  2.601E+09  4.435E+12  3.223E+07  8.999E+04  6.75E-06  2.53E-05
2016  8 25 238  1.00   79.5  3.520E+09  3.524E+14  9.387E+13 2.164E-08  182.8  1037  2.403E+09  4.089E+12  5.015E+07  9.342E+04  9.99E-06  3.75E-05
2016  8 25 238  1.00   80.0  4.754E+09  3.249E+14  8.649E+13 1.995E-08  180.9  1037  2.219E+09  3.765E+12  7.184E+07  9.689E+04  1.46E-05  5.50E-05
2016  8 25 238  1.00   80.5  6.353E+09  2.993E+14  7.961E+13 1.837E-08  179.1  1037  2.047E+09  3.464E+12  9.547E+07  1.004E+05  2.12E-05  7.98E-05
2016  8 25 238  1.00   81.0  8.396E+09  2.753E+14  7.319E+13 1.690E-08  177.3  1037  1.886E+09  3.182E+12  1.188E+08  1.039E+05  3.05E-05  1.15E-04
2016  8 25 238  1.00   81.5  1.097E+10  2.530E+14  6.721E+13 1.552E-08  175.6  1037  1.736E+09  2.920E+12  1.395E+08  1.074E+05  4.34E-05  1.63E-04
2016  8 25 238  1.00   82.0  1.417E+10  2.322E+14  6.164E+13 1.425E-08  174.0  1037  1.597E+09  2.677E+12  1.562E+08  1.110E+05  6.10E-05  2.30E-04
2016  8 25 238  1.00   82.5  1.810E+10  2.129E+14  5.647E+13 1.306E-08  172.4  1037  1.467E+09  2.450E+12  1.680E+08  1.145E+05  8.50E-05  3.20E-04
2016  8 25 238  1.00   83.0  2.284E+10  1.949E+14  5.166E+13 1.195E-08  170.9  1037  1.347E+09  2.240E+12  1.748E+08  1.180E+05  1.17E-04  4.42E-04
2016  8 25 238  1.00   83.5  2.850E+10  1.783E+14  4.720E+13 1.093E-08  169.5  1037  1.235E+09  2.045E+12  1.770E+08  1.214E+05  1.60E-04  6.04E-04
2016  8 25 238  1.00   84.0  3.514E+10  1.629E+14  4.308E+13 9.983E-09  168.2  1037  1.132E+09  1.865E+12  1.753E+08  1.249E+05  2.16E-04  8.16E-04
2016  8 25 238  1.00   84.5  4.283E+10  1.486E+14  3.926E+13 9.106E-09  166.9  1037  1.036E+09  1.698E+12  1.706E+08  1.282E+05  2.88E-04  1.09E-03
2016  8 25 238  1.00   85.0  5.161E+10  1.354E+14  3.574E+13 8.297E-09  165.8  1037  9.478E+08  1.544E+12  1.637E+08  1.315E+05  3.81E-04  1.44E-03
2016  8 25 238  1.00   85.5  6.149E+10  1.233E+14  3.249E+13 7.551E-09  164.7  1037  8.663E+08  1.403E+12  1.553E+08  1.348E+05  4.99E-04  1.89E-03
2016  8 25 238  1.00   86.0  7.245E+10  1.121E+14  2.951E+13 6.864E-09  163.8  1037  7.912E+08  1.272E+12  1.460E+08  1.379E+05  6.46E-04  2.46E-03
2016  8 25 238  1.00   86.5  8.442E+10  1.018E+14  2.676E+13 6.233E-09  162.9  1037  7.222E+08  1.153E+12  1.363E+08  1.410E+05  8.29E-04  3.15E-03
2016  8 25 238  1.00   87.0  9.732E+10  9.238E+13  2.424E+13 5.653E-09  162.2  1037  6.589E+08  1.043E+12  1.266E+08  1.440E+05  1.05E-03  4.01E-03
2016  8 25 238  1.00   87.5  1.110E+11  8.373E+13  2.193E+13 5.122E-09  161.6  1037  6.008E+08  9.426E+11  1.171E+08  1.469E+05  1.33E-03  5.06E-03
2016  8 25 238  1.00   88.0  1.253E+11  7.582E+13  1.982E+13 4.637E-09  161.0  1037  5.476E+08  8.508E+11  1.079E+08  1.497E+05  1.65E-03  6.32E-03
2016  8 25 238  1.00   88.5  1.401E+11  6.858E+13  1.789E+13 4.193E-09  160.6  1037  4.990E+08  7.670E+11  9.929E+07  1.524E+05  2.04E-03  7.83E-03
2016  8 25 238  1.00   89.0  1.551E+11  6.199E+13  1.614E+13 3.788E-09  160.4  1037  4.546E+08  6.907E+11  9.120E+07  1.551E+05  2.50E-03  9.61E-03
2016  8 25 238  1.00   89.5  1.701E+11  5.597E+13  1.454E+13 3.420E-09  160.2  1037  4.142E+08  6.212E+11  8.368E+07  1.576E+05  3.04E-03  1.17E-02
2016  8 25 238  1.00   90.0  1.848E+11  5.050E+13  1.308E+13 3.084E-09  160.2  1037  3.773E+08  5.581E+11  7.676E+07  1.601E+05  3.66E-03  1.41E-02
2016  8 25 238  1.00   90.5  1.991E+11  4.553E+13  1.176E+13 2.780E-09  160.3  1037  3.438E+08  5.008E+11  7.041E+07  1.625E+05  4.37E-03  1.69E-02
2016  8 25 238  1.00   91.0  2.127E+11  4.102E+13  1.056E+13 2.503E-09  160.6  1037  3.134E+08  4.490E+11  6.461E+07  1.648E+05  5.18E-03  2.01E-02
2016  8 25 238  1.00   91.5  2.254E+11  3.694E+13  9.483E+12 2.253E-09  161.0  1037  2.859E+08  4.022E+11  5.933E+07  1.671E+05  6.10E-03  2.38E-02
2016  8 25 238  1.00   92.0  2.371E+11  3.325E+13  8.506E+12 2.028E-09  161.5  1037  2.609E+08  3.600E+11  5.455E+07  1.693E+05  7.13E-03  2.79E-02
2016  8 25 238  1.00   92.5  2.475E+11  2.992E+13  7.626E+12 1.824E-09  162.2  1037  2.383E+08  3.219E+11  5.021E+07  1.715E+05  8.27E-03  3.25E-02
2016  8 25 238  1.00   93.0  2.567E+11  2.691E+13  6.833E+12 1.640E-09  163.0  1037  2.180E+08  2.877E+11  4.630E+07  1.737E+05  9.54E-03  3.76E-02
2016  8 25 238  1.00   93.5  2.645E+11  2.421E+13  6.120E+12 1.474E-09  164.0  1037  1.996E+08  2.570E+11  4.275E+07  1.760E+05  1.09E-02  4.32E-02
2016  8 25 238  1.00   94.0  2.709E+11  2.177E+13  5.480E+12 1.325E-09  165.0  1037  1.830E+08  2.294E+11  3.956E+07  1.783E+05  1.24E-02  4.94E-02
2016  8 25 238  1.00   94.5  2.759E+11  1.958E+13  4.905E+12 1.192E-09  166.2  1037  1.680E+08  2.047E+11  3.667E+07  1.806E+05  1.41E-02  5.63E-02
2016  8 25 238  1.00   95.0  2.795E+11  1.761E+13  4.390E+12 1.071E-09  167.6  1037  1.545E+08  1.826E+11  3.406E+07  1.830E+05  1.59E-02  6.37E-02
2016  8 25 238  1.00   95.5  2.816E+11  1.584E+13  3.928E+12 9.633E-10  169.0  1037  1.423E+08  1.628E+11  3.170E+07  1.855E+05  1.78E-02  7.17E-02
2016  8 25 238  1.00   96.0  2.825E+11  1.426E+13  3.514E+12 8.664E-10  170.6  1037  1.314E+08  1.451E+11  2.956E+07  1.881E+05  1.98E-02  8.04E-02
2016  8 25 238  1.00   96.5  2.821E+11  1.283E+13  3.144E+12 7.795E-10  172.4  1037  1.215E+08  1.293E+11  2.762E+07  1.908E+05  2.20E-02  8.97E-02
2016  8 25 238  1.00   97.0  2.806E+11  1.155E+13  2.814E+12 7.016E-10  174.3  1037  1.126E+08  1.152E+11  2.586E+07  1.937E+05  2.43E-02  9.97E-02
2016  8 25 238  1.00   97.5  2.780E+11  1.041E+13  2.518E+12 6.317E-10  176.3  1037  1.045E+08  1.026E+11  2.427E+07  1.968E+05  2.67E-02  1.10E-01
2016  8 25 238  1.00   98.0  2.745E+11  9.379E+12  2.253E+12 5.690E-10  178.5  1037  9.728E+07  9.140E+10  2.281E+07  2.000E+05  2.93E-02  1.22E-01
2016  8 25 238  1.00   98.5  2.701E+11  8.457E+12  2.017E+12 5.128E-10  180.9  1037  9.071E+07  8.142E+10  2.148E+07  2.034E+05  3.19E-02  1.34E-01
2016  8 25 238  1.00   99.0  2.650E+11  7.629E+12  1.806E+12 4.624E-10  183.4  1037  8.477E+07  7.252E+10  2.026E+07  2.070E+05  3.47E-02  1.47E-01
2016  8 25 238  1.00   99.5  2.593E+11  6.887E+12  1.618E+12 4.172E-10  186.1  1037  7.938E+07  6.461E+10  1.914E+07  2.108E+05  3.76E-02  1.60E-01
2016  8 25 238  1.00  100.0  2.530E+11  6.221E+12  1.449E+12 3.767E-10  189.0  1037  7.450E+07  5.756E+10  1.811E+07  2.149E+05  4.07E-02  1.75E-01
2016  8 25 238  1.00  100.5  2.463E+11  5.623E+12  1.299E+12 3.403E-10  192.1  1037  7.006E+07  5.130E+10  1.715E+07  2.192E+05  4.38E-02  1.90E-01
2016  8 25 238  1.00  101.0  2.393E+11  5.087E+12  1.165E+12 3.077E-10  195.3  1037  6.601E+07  4.572E+10  1.627E+07  2.238E+05  4.70E-02  2.05E-01
2016  8 25 238  1.00  101.5  2.320E+11  4.605E+12  1.045E+12 2.784E-10  198.7  1037  6.233E+07  4.077E+10  1.546E+07  2.286E+05  5.04E-02  2.22E-01
2016  8 25 238  1.00  102.0  2.246E+11  4.173E+12  9.378E+11 2.521E-10  202.4  1037  5.897E+07  3.637E+10  1.470E+07  2.338E+05  5.38E-02  2.39E-01
2016  8 25 238  1.00  102.5  2.170E+11  3.784E+12  8.423E+11 2.286E-10  206.2  1037  5.590E+07  3.246E+10  1.399E+07  2.393E+05  5.73E-02  2.58E-01
2016  8 25 238  1.00  103.0  2.094E+11  3.435E+12  7.570E+11 2.074E-10  210.2  1037  5.308E+07  2.899E+10  1.333E+07  2.452E+05  6.10E-02  2.77E-01
2016  8 25 238  1.00  103.5  2.018E+11  3.121E+12  6.809E+11 1.883E-10  214.4  1037  5.050E+07  2.591E+10  1.271E+07  2.514E+05  6.47E-02  2.96E-01
2016  8 25 238  1.00  104.0  1.943E+11  2.839E+12  6.129E+11 1.712E-10  218.8  1037  4.812E+07  2.317E+10  1.213E+07  2.580E+05  6.84E-02  3.17E-01
2016  8 25 238  1.00  104.5  1.869E+11  2.586E+12  5.521E+11 1.558E-10  223.4  1037  4.593E+07  2.074E+10  1.159E+07  2.650E+05  7.23E-02  3.39E-01
2016  8 25 238  1.00  105.0  1.796E+11  2.357E+12  4.978E+11 1.420E-10  228.2  1037  4.391E+07  1.858E+10  1.108E+07  2.724E+05  7.62E-02  3.61E-01
2016  8 25 238  1.00  105.5  1.725E+11  2.151E+12  4.493E+11 1.296E-10  233.2  1037  4.205E+07  1.666E+10  1.059E+07  2.803E+05  8.02E-02  3.84E-01
2016  8 25 238  1.00  106.0  1.655E+11  1.966E+12  4.059E+11 1.183E-10  238.3  1037  4.032E+07  1.496E+10  1.014E+07  2.886E+05  8.42E-02  4.08E-01
2016  8 25 238  1.00  106.5  1.588E+11  1.799E+12  3.671E+11 1.082E-10  243.7  1037  3.871E+07  1.344E+10  9.707E+06  2.975E+05  8.83E-02  4.33E-01
2016  8 25 238  1.00  107.0  1.523E+11  1.648E+12  3.324E+11 9.911E-11  249.2  1037  3.722E+07  1.210E+10  9.300E+06  3.069E+05  9.24E-02  4.58E-01
2016  8 25 238  1.00  107.5  1.460E+11  1.512E+12  3.013E+11 9.089E-11  254.8  1037  3.583E+07  1.090E+10  8.914E+06  3.168E+05  9.66E-02  4.85E-01
2016  8 25 238  1.00  108.0  1.400E+11  1.389E+12  2.735E+11 8.347E-11  260.6  1037  3.454E+07  9.834E+09  8.548E+06  3.274E+05  1.01E-01  5.12E-01
2016  8 25 238  1.00  108.5  1.342E+11  1.278E+12  2.486E+11 7.677E-11  266.5  1037  3.333E+07  8.885E+09  8.202E+06  3.387E+05  1.05E-01  5.40E-01
2016  8 25 238  1.00  109.0  1.286E+11  1.178E+12  2.262E+11 7.071E-11  272.5  1037  3.221E+07  8.040E+09  7.874E+06  3.506E+05  1.09E-01  5.69E-01
2016  8 25 238  1.00  109.5  1.233E+11  1.087E+12  2.062E+11 6.524E-11  278.6  1037  3.115E+07  7.287E+09  7.564E+06  3.634E+05  1.13E-01  5.98E-01
2016  8 25 238  1.00  110.0  1.183E+11  1.005E+12  1.882E+11 6.029E-11  284.7  1037  3.017E+07  6.616E+09  7.270E+06  3.770E+05  1.18E-01  6.29E-01
2016  8 25 238  1.00  110.5  1.135E+11  9.306E+11  1.721E+11 5.581E-11  290.8  1037  2.925E+07  6.017E+09  6.991E+06  3.914E+05  1.22E-01  6.60E-01
2016  8 25 238  1.00  111.0  1.090E+11  8.632E+11  1.576E+11 5.175E-11  296.9  1037  2.839E+07  5.481E+09  6.727E+06  4.069E+05  1.26E-01  6.92E-01
2016  8 25 238  1.00  111.5  1.047E+11  8.019E+11  1.445E+11 4.806E-11  302.9  1037  2.759E+07  5.002E+09  6.477E+06  4.233E+05  1.31E-01  7.25E-01
2016  8 25 238  1.00  112.0  1.007E+11  7.462E+11  1.327E+11 4.471E-11  309.0  1037  2.683E+07  4.572E+09  6.239E+06  4.408E+05  1.35E-01  7.58E-01
2016  8 25 238  1.00  112.5  9.678E+10  6.954E+11  1.221E+11 4.166E-11  314.9  1037  2.612E+07  4.185E+09  6.014E+06  4.593E+05  1.39E-01  7.93E-01
2016  8 25 238  1.00  113.0  9.310E+10  6.490E+11  1.125E+11 3.887E-11  320.9  1037  2.544E+07  3.837E+09  5.799E+06  4.790E+05  1.43E-01  8.28E-01
2016  8 25 238  1.00  113.5  8.960E+10  6.066E+11  1.038E+11 3.632E-11  326.8  1037  2.480E+07  3.523E+09  5.594E+06  4.999E+05  1.48E-01  8.63E-01
2016  8 25 238  1.00  114.0  8.628E+10  5.677E+11  9.587E+10 3.398E-11  332.7  1037  2.420E+07  3.240E+09  5.399E+06  5.219E+05  1.52E-01  9.00E-01
2016  8 25 238  1.00  114.5  8.312E+10  5.320E+11  8.868E+10 3.184E-11  338.5  1037  2.362E+07  2.983E+09  5.213E+06  5.453E+05  1.56E-01  9.37E-01
2016  8 25 238  1.00  115.0  8.010E+10  4.991E+11  8.214E+10 2.987E-11  344.3  1037  2.307E+07  2.750E+09  5.035E+06  5.699E+05  1.60E-01  9.75E-01
2016  8 25 238  1.00  115.5  7.723E+10  4.689E+11  7.617E+10 2.806E-11  350.0  1037  2.255E+07  2.539E+09  4.865E+06  5.960E+05  1.65E-01  1.01E+00
2016  8 25 238  1.00  116.0  7.450E+10  4.410E+11  7.073E+10 2.639E-11  355.7  1037  2.205E+07  2.347E+09  4.703E+06  6.234E+05  1.69E-01  1.05E+00
2016  8 25 238  1.00  116.5  7.189E+10  4.152E+11  6.576E+10 2.485E-11  361.3  1037  2.157E+07  2.172E+09  4.547E+06  6.523E+05  1.73E-01  1.09E+00
2016  8 25 238  1.00  117.0  6.939E+10  3.913E+11  6.120E+10 2.342E-11  366.9  1037  2.110E+07  2.013E+09  4.398E+06  6.827E+05  1.77E-01  1.13E+00
2016  8 25 238  1.00  117.5  6.701E+10  3.692E+11  5.703E+10 2.209E-11  372.4  1037  2.065E+07  1.867E+09  4.255E+06  7.146E+05  1.82E-01  1.18E+00
2016  8 25 238  1.00  118.0  6.473E+10  3.487E+11  5.319E+10 2.087E-11  377.9  1037  2.022E+07  1.734E+09  4.118E+06  7.482E+05  1.86E-01  1.22E+00
2016  8 25 238  1.00  118.5  6.255E+10  3.296E+11  4.967E+10 1.972E-11  383.5  1037  1.980E+07  1.611E+09  3.986E+06  7.833E+05  1.90E-01  1.26E+00
2016  8 25 238  1.00  119.0  6.046E+10  3.118E+11  4.642E+10 1.866E-11  388.9  1037  1.940E+07  1.499E+09  3.859E+06  8.202E+05  1.94E-01  1.30E+00
2016  8 25 238  1.00  119.5  5.845E+10  2.951E+11  4.343E+10 1.767E-11  394.4  1037  1.900E+07  1.396E+09  3.737E+06  8.587E+05  1.98E-01  1.35E+00
2016  8 25 238  1.00  120.0  5.652E+10  2.796E+11  4.067E+10 1.674E-11  400.0  1037  1.861E+07  1.301E+09  3.620E+06  8.989E+05  2.02E-01  1.39E+00
2016  8 25 238  1.00  120.5  5.466E+10  2.651E+11  3.812E+10 1.588E-11  405.5  1037  1.823E+07  1.213E+09  3.506E+06  9.408E+05  2.06E-01  1.43E+00
2016  8 25 238  1.00  121.0  5.288E+10  2.515E+11  3.576E+10 1.507E-11  411.1  1037  1.786E+07  1.132E+09  3.396E+06  9.845E+05  2.10E-01  1.48E+00
2016  8 25 238  1.00  121.5  5.115E+10  2.387E+11  3.356E+10 1.431E-11  416.8  1037  1.749E+07  1.057E+09  3.291E+06  1.030E+06  2.14E-01  1.52E+00
2016  8 25 238  1.00  122.0  4.949E+10  2.267E+11  3.153E+10 1.359E-11  422.6  1037  1.713E+07  9.880E+08  3.188E+06  1.077E+06  2.18E-01  1.57E+00
2016  8 25 238  1.00  122.5  4.788E+10  2.153E+11  2.964E+10 1.292E-11  428.4  1037  1.678E+07  9.238E+08  3.089E+06  1.126E+06  2.22E-01  1.62E+00
2016  8 25 238  1.00  123.0  4.636E+10  2.048E+11  2.790E+10 1.229E-11  434.0   861  1.643E+07  8.650E+08  2.994E+06  1.177E+06  2.26E-01  1.66E+00
2016  8 25 238  1.00  123.5  4.488E+10  1.949E+11  2.628E+10 1.170E-11  439.9   861  1.609E+07  8.101E+08  2.903E+06  1.230E+06  2.30E-01  1.71E+00
2016  8 25 238  1.00  124.0  4.347E+10  1.856E+11  2.478E+10 1.115E-11  445.6   861  1.576E+07  7.594E+08  2.814E+06  1.286E+06  2.34E-01  1.75E+00
2016  8 25 238  1.00  124.5  4.212E+10  1.768E+11  2.338E+10 1.063E-11  451.3   861  1.544E+07  7.126E+08  2.729E+06  1.343E+06  2.38E-01  1.80E+00
2016  8 25 238  1.00  125.0  4.083E+10  1.687E+11  2.209E+10 1.014E-11  456.9   861  1.513E+07  6.693E+08  2.648E+06  1.404E+06  2.42E-01  1.85E+00
2016  8 25 238  1.00  125.5  3.960E+10  1.610E+11  2.089E+10 9.686E-12  462.4   861  1.482E+07  6.291E+08  2.570E+06  1.466E+06  2.46E-01  1.90E+00
2016  8 25 238  1.00  126.0  3.842E+10  1.538E+11  1.977E+10 9.257E-12  467.9   861  1.453E+07  5.919E+08  2.494E+06  1.532E+06  2.50E-01  1.94E+00
2016  8 25 238  1.00  126.5  3.729E+10  1.470E+11  1.874E+10 8.854E-12  473.3   861  1.424E+07  5.573E+08  2.422E+06  1.600E+06  2.54E-01  1.99E+00
2016  8 25 238  1.00  127.0  3.621E+10  1.406E+11  1.777E+10 8.474E-12  478.6   861  1.396E+07  5.251E+08  2.352E+06  1.671E+06  2.58E-01  2.04E+00
2016  8 25 238  1.00  127.5  3.517E+10  1.345E+11  1.686E+10 8.116E-12  483.8   861  1.369E+07  4.952E+08  2.285E+06  1.744E+06  2.61E-01  2.09E+00
2016  8 25 238  1.00  128.0  3.418E+10  1.288E+11  1.602E+10 7.778E-12  489.0   861  1.343E+07  4.673E+08  2.220E+06  1.821E+06  2.65E-01  2.13E+00
2016  8 25 238  1.00  128.5  3.322E+10  1.234E+11  1.523E+10 7.458E-12  494.0   861  1.318E+07  4.413E+08  2.157E+06  1.900E+06  2.69E-01  2.18E+00
2016  8 25 238  1.00  129.0  3.231E+10  1.184E+11  1.449E+10 7.157E-12  499.1   861  1.294E+07  4.170E+08  2.097E+06  1.982E+06  2.73E-01  2.23E+00
2016  8 25 238  1.00  129.5  3.143E+10  1.135E+11  1.379E+10 6.871E-12  504.0   861  1.270E+07  3.943E+08  2.039E+06  2.068E+06  2.77E-01  2.28E+00
2016  8 25 238  1.00  130.0  3.058E+10  1.090E+11  1.314E+10 6.601E-12  508.9   861  1.248E+07  3.731E+08  1.984E+06  2.156E+06  2.81E-01  2.33E+00
2016  8 25 238  1.00  130.5  2.976E+10  1.047E+11  1.253E+10 6.344E-12  513.7   861  1.226E+07  3.532E+08  1.930E+06  2.247E+06  2.84E-01  2.38E+00
2016  8 25 238  1.00  131.0  2.898E+10  1.006E+11  1.196E+10 6.101E-12  518.4   861  1.205E+07  3.347E+08  1.878E+06  2.342E+06  2.88E-01  2.42E+00
2016  8 25 238  1.00  131.5  2.823E+10  9.667E+10  1.142E+10 5.870E-12  523.1   861  1.185E+07  3.172E+08  1.828E+06  2.440E+06  2.92E-01  2.47E+00
2016  8 25 238  1.00  132.0  2.750E+10  9.297E+10  1.091E+10 5.651E-12  527.7   861  1.166E+07  3.009E+08  1.779E+06  2.541E+06  2.96E-01  2.52E+00
2016  8 25 238  1.00  132.5  2.680E+10  8.946E+10  1.043E+10 5.443E-12  532.3   861  1.148E+07  2.855E+08  1.732E+06  2.645E+06  3.00E-01  2.57E+00
2016  8 25 238  1.00  133.0  2.612E+10  8.612E+10  9.976E+09 5.245E-12  536.8   861  1.131E+07  2.711E+08  1.687E+06  2.753E+06  3.03E-01  2.62E+00
2016  8 25 238  1.00  133.5  2.547E+10  8.293E+10  9.549E+09 5.056E-12  541.2   861  1.114E+07  2.576E+08  1.644E+06  2.864E+06  3.07E-01  2.67E+00
2016  8 25 238  1.00  134.0  2.484E+10  7.990E+10  9.145E+09 4.876E-12  545.5   861  1.098E+07  2.448E+08  1.602E+06  2.978E+06  3.11E-01  2.72E+00
2016  8 25 238  1.00  134.5  2.424E+10  7.702E+10  8.763E+09 4.705E-12  549.8   861  1.083E+07  2.328E+08  1.561E+06  3.096E+06  3.15E-01  2.77E+00
2016  8 25 238  1.00  135.0  2.365E+10  7.426E+10  8.401E+09 4.541E-12  554.1   861  1.069E+07  2.215E+08  1.522E+06  3.217E+06  3.19E-01  2.82E+00
2016  8 25 238  1.00  135.5  2.309E+10  7.163E+10  8.059E+09 4.385E-12  558.3   861  1.055E+07  2.109E+08  1.484E+06  3.341E+06  3.22E-01  2.86E+00
2016  8 25 238  1.00  136.0  2.254E+10  6.913E+10  7.734E+09 4.236E-12  562.4   861  1.042E+07  2.008E+08  1.448E+06  3.469E+06  3.26E-01  2.91E+00
2016  8 25 238  1.00  136.5  2.201E+10  6.673E+10  7.426E+09 4.094E-12  566.5   861  1.029E+07  1.913E+08  1.412E+06  3.600E+06  3.30E-01  2.96E+00
2016  8 25 238  1.00  137.0  2.150E+10  6.444E+10  7.133E+09 3.957E-12  570.5   861  1.017E+07  1.824E+08  1.378E+06  3.735E+06  3.34E-01  3.01E+00
2016  8 25 238  1.00  137.5  2.101E+10  6.225E+10  6.855E+09 3.827E-12  574.5   861  1.005E+07  1.739E+08  1.345E+06  3.874E+06  3.37E-01  3.06E+00
2016  8 25 238  1.00  138.0  2.053E+10  6.015E+10  6.591E+09 3.702E-12  578.4   861  9.943E+06  1.659E+08  1.313E+06  4.015E+06  3.41E-01  3.11E+00
2016  8 25 238  1.00  138.5  2.007E+10  5.814E+10  6.340E+09 3.583E-12  582.2   861  9.837E+06  1.583E+08  1.282E+06  4.160E+06  3.45E-01  3.17E+00
2016  8 25 238  1.00  139.0  1.962E+10  5.622E+10  6.100E+09 3.469E-12  586.0   861  9.735E+06  1.512E+08  1.252E+06  4.309E+06  3.49E-01  3.22E+00
2016  8 25 238  1.00  139.5  1.919E+10  5.438E+10  5.873E+09 3.359E-12  589.8   861  9.637E+06  1.444E+08  1.223E+06  4.461E+06  3.53E-01  3.27E+00
2016  8 25 238  1.00  140.0  1.877E+10  5.262E+10  5.655E+09 3.254E-12  593.5   861  9.543E+06  1.379E+08  1.195E+06  4.616E+06  3.57E-01  3.32E+00
2016  8 25 238  1.00  140.5  1.836E+10  5.092E+10  5.448E+09 3.153E-12  597.1   861  9.453E+06  1.318E+08  1.168E+06  4.774E+06  3.61E-01  3.37E+00
2016  8 25 238  1.00  141.0  1.796E+10  4.930E+10  5.251E+09 3.056E-12  600.7   861  9.366E+06  1.261E+08  1.142E+06  4.936E+06  3.64E-01  3.42E+00
2016  8 25 238  1.00  141.5  1.758E+10  4.774E+10  5.062E+09 2.963E-12  604.2   861  9.281E+06  1.206E+08  1.117E+06  5.101E+06  3.68E-01  3.47E+00
2016  8 25 238  1.00  142.0  1.721E+10  4.624E+10  4.882E+09 2.874E-12  607.7   861  9.200E+06  1.154E+08  1.092E+06  5.270E+06  3.72E-01  3.53E+00
2016  8 25 238  1.00  142.5  1.685E+10  4.480E+10  4.709E+09 2.788E-12  611.2   861  9.121E+06  1.104E+08  1.068E+06  5.441E+06  3.76E-01  3.58E+00
2016  8 25 238  1.00  143.0  1.650E+10  4.342E+10  4.545E+09 2.705E-12  614.6   861  9.045E+06  1.057E+08  1.045E+06  5.615E+06  3.80E-01  3.63E+00
2016  8 25 238  1.00  143.5  1.616E+10  4.209E+10  4.387E+09 2.625E-12  617.9   861  8.971E+06  1.013E+08  1.023E+06  5.793E+06  3.84E-01  3.68E+00
2016  8 25 238  1.00  144.0  1.583E+10  4.081E+10  4.236E+09 2.549E-12  621.2   861  8.900E+06  9.704E+07  1.002E+06  5.973E+06  3.88E-01  3.74E+00
2016  8 25 238  1.00  144.5  1.551E+10  3.958E+10  4.092E+09 2.475E-12  624.5   861  8.830E+06  9.300E+07  9.807E+05  6.156E+06  3.92E-01  3.79E+00
2016  8 25 238  1.00  145.0  1.520E+10  3.840E+10  3.953E+09 2.404E-12  627.7   861  8.763E+06  8.916E+07  9.605E+05  6.342E+06  3.96E-01  3.84E+00
2016  8 25 238  1.00  145.5  1.489E+10  3.726E+10  3.821E+09 2.336E-12  630.9   861  8.697E+06  8.550E+07  9.410E+05  6.531E+06  4.00E-01  3.90E+00
2016  8 25 238  1.00  146.0  1.460E+10  3.616E+10  3.693E+09 2.270E-12  634.0   861  8.633E+06  8.201E+07  9.220E+05  6.722E+06  4.04E-01  3.95E+00
2016  8 25 238  1.00  146.5  1.431E+10  3.510E+10  3.571E+09 2.207E-12  637.1   861  8.571E+06  7.869E+07  9.036E+05  6.916E+06  4.08E-01  4.01E+00
2016  8 25 238  1.00  147.0  1.403E+10  3.408E+10  3.454E+09 2.145E-12  640.2   861  8.510E+06  7.553E+07  8.858E+05  7.112E+06  4.12E-01  4.06E+00
2016  8 25 238  1.00  147.5  1.376E+10  3.310E+10  3.342E+09 2.086E-12  643.2   861  8.451E+06  7.251E+07  8.685E+05  7.311E+06  4.16E-01  4.12E+00
2016  8 25 238  1.00  148.0  1.350E+10  3.215E+10  3.234E+09 2.029E-12  646.1   861  8.393E+06  6.963E+07  8.518E+05  7.511E+06  4.20E-01  4.17E+00
2016  8 25 238  1.00  148.5  1.324E+10  3.123E+10  3.130E+09 1.974E-12  649.0   861  8.337E+06  6.688E+07  8.356E+05  7.714E+06  4.24E-01  4.23E+00
2016  8 25 238  1.00  149.0  1.299E+10  3.035E+10  3.030E+09 1.921E-12  651.9   861  8.281E+06  6.426E+07  8.199E+05  7.919E+06  4.28E-01  4.29E+00
2016  8 25 238  1.00  149.5  1.275E+10  2.950E+10  2.934E+09 1.870E-12  654.8   861  8.227E+06  6.176E+07  8.046E+05  8.126E+06  4.32E-01  4.34E+00
2016  8 25 238  1.00  150.0  1.251E+10  2.867E+10  2.842E+09 1.820E-12  657.6   861  8.174E+06  5.937E+07  7.898E+05  8.334E+06  4.36E-01  4.40E+00
2016  8 25 238  1.00  150.5  1.228E+10  2.788E+10  2.753E+09 1.772E-12  660.3   861  8.122E+06  5.708E+07  7.755E+05  8.544E+06  4.40E-01  4.46E+00
2016  8 25 238  1.00  151.0  1.205E+10  2.711E+10  2.668E+09 1.726E-12  663.1   861  8.072E+06  5.490E+07  7.616E+05  8.755E+06  4.45E-01  4.52E+00
2016  8 25 238  1.00  151.5  1.183E+10  2.637E+10  2.586E+09 1.681E-12  665.8   861  8.022E+06  5.281E+07  7.481E+05  8.968E+06  4.49E-01  4.58E+00
2016  8 25 238  1.00  152.0  1.162E+10  2.565E+10  2.506E+09 1.638E-12  668.4   861  7.973E+06  5.081E+07  7.350E+05  9.182E+06  4.53E-01  4.64E+00
2016  8 25 238  1.00  152.5  1.141E+10  2.495E+10  2.430E+09 1.596E-12  671.0   861  7.925E+06  4.890E+07  7.223E+05  9.397E+06  4.57E-01  4.70E+00
2016  8 25 238  1.00  153.0  1.121E+10  2.428E+10  2.356E+09 1.555E-12  673.6   861  7.878E+06  4.707E+07  7.100E+05  9.613E+06  4.62E-01  4.76E+00
2016  8 25 238  1.00  153.5  1.101E+10  2.363E+10  2.285E+09 1.516E-12  676.1   861  7.831E+06  4.532E+07  6.980E+05  9.830E+06  4.66E-01  4.82E+00
2016  8 25 238  1.00  154.0  1.082E+10  2.300E+10  2.217E+09 1.477E-12  678.7   861  7.786E+06  4.364E+07  6.864E+05  1.005E+07  4.70E-01  4.88E+00
2016  8 25 238  1.00  154.5  1.063E+10  2.240E+10  2.151E+09 1.441E-12  681.1   861  7.741E+06  4.204E+07  6.751E+05  1.027E+07  4.74E-01  4.94E+00
2016  8 25 238  1.00  155.0  1.044E+10  2.181E+10  2.087E+09 1.405E-12  683.6   861  7.697E+06  4.050E+07  6.642E+05  1.048E+07  4.79E-01  5.00E+00
2016  8 25 238  1.00  155.5  1.026E+10  2.124E+10  2.026E+09 1.370E-12  686.0   861  7.654E+06  3.902E+07  6.536E+05  1.070E+07  4.83E-01  5.06E+00
2016  8 25 238  1.00  156.0  1.008E+10  2.068E+10  1.967E+09 1.336E-12  688.4   861  7.612E+06  3.761E+07  6.432E+05  1.092E+07  4.88E-01  5.13E+00
2016  8 25 238  1.00  156.5  9.913E+09  2.015E+10  1.909E+09 1.304E-12  690.7   861  7.570E+06  3.625E+07  6.332E+05  1.114E+07  4.92E-01  5.19E+00
2016  8 25 238  1.00  157.0  9.745E+09  1.963E+10  1.854E+09 1.272E-12  693.0   861  7.529E+06  3.495E+07  6.235E+05  1.136E+07  4.96E-01  5.26E+00
2016  8 25 238  1.00  157.5  9.581E+09  1.913E+10  1.801E+09 1.242E-12  695.3   861  7.488E+06  3.370E+07  6.140E+05  1.158E+07  5.01E-01  5.32E+00
2016  8 25 238  1.00  158.0  9.420E+09  1.864E+10  1.749E+09 1.212E-12  697.5   861  7.448E+06  3.251E+07  6.049E+05  1.179E+07  5.05E-01  5.39E+00
2016  8 25 238  1.00  158.5  9.263E+09  1.817E+10  1.699E+09 1.183E-12  699.7   861  7.409E+06  3.136E+07  5.959E+05  1.201E+07  5.10E-01  5.45E+00
2016  8 25 238  1.00  159.0  9.110E+09  1.771E+10  1.651E+09 1.155E-12  701.9   861  7.370E+06  3.026E+07  5.873E+05  1.223E+07  5.14E-01  5.52E+00
2016  8 25 238  1.00  159.5  8.960E+09  1.726E+10  1.604E+09 1.128E-12  704.1   861  7.332E+06  2.920E+07  5.788E+05  1.244E+07  5.19E-01  5.59E+00
2016  8 25 238  1.00  160.0  8.813E+09  1.683E+10  1.559E+09 1.101E-12  706.2   861  7.294E+06  2.818E+07  5.706E+05  1.265E+07  5.24E-01  5.65E+00
2016  8 25 238  1.00  160.5  8.670E+09  1.641E+10  1.515E+09 1.076E-12  708.3   861  7.257E+06  2.720E+07  5.627E+05  1.287E+07  5.28E-01  5.72E+00
2016  8 25 238  1.00  161.0  8.530E+09  1.600E+10  1.473E+09 1.051E-12  710.4   861  7.221E+06  2.626E+07  5.549E+05  1.308E+07  5.33E-01  5.79E+00
2016  8 25 238  1.00  161.5  8.393E+09  1.561E+10  1.432E+09 1.027E-12  712.4   861  7.185E+06  2.536E+07  5.474E+05  1.329E+07  5.38E-01  5.86E+00
2016  8 25 238  1.00  162.0  8.258E+09  1.523E+10  1.393E+09 1.003E-12  714.4   861  7.149E+06  2.449E+07  5.401E+05  1.349E+07  5.42E-01  5.93E+00
2016  8 25 238  1.00  162.5  8.127E+09  1.485E+10  1.354E+09 9.801E-13  716.4   861  7.114E+06  2.365E+07  5.329E+05  1.370E+07  5.47E-01  6.00E+00
2016  8 25 238  1.00  163.0  7.998E+09  1.449E+10  1.317E+09 9.579E-13  718.4   861  7.079E+06  2.285E+07  5.260E+05  1.390E+07  5.52E-01  6.07E+00
2016  8 25 238  1.00  163.5  7.872E+09  1.414E+10  1.281E+09 9.363E-13  720.3   861  7.045E+06  2.208E+07  5.193E+05  1.411E+07  5.57E-01  6.14E+00
2016  8 25 238  1.00  164.0  7.749E+09  1.380E+10  1.247E+09 9.152E-13  722.2   861  7.011E+06  2.134E+07  5.127E+05  1.431E+07  5.62E-01  6.22E+00
2016  8 25 238  1.00  164.5  7.628E+09  1.347E+10  1.213E+09 8.948E-13  724.1   861  6.978E+06  2.062E+07  5.063E+05  1.450E+07  5.66E-01  6.29E+00
2016  8 25 238  1.00  165.0  7.510E+09  1.315E+10  1.180E+09 8.749E-13  726.0   861  6.945E+06  1.993E+07  5.001E+05  1.470E+07  5.71E-01  6.36E+00
2016  8 25 238  1.00  165.5  7.394E+09  1.283E+10  1.149E+09 8.555E-13  727.8   861  6.913E+06  1.927E+07  4.941E+05  1.489E+07  5.76E-01  6.44E+00
2016  8 25 238  1.00  166.0  7.280E+09  1.253E+10  1.118E+09 8.367E-13  729.6   861  6.880E+06  1.863E+07  4.882E+05  1.508E+07  5.81E-01  6.51E+00
2016  8 25 238  1.00  166.5  7.169E+09  1.223E+10  1.088E+09 8.184E-13  731.4   861  6.849E+06  1.801E+07  4.825E+05  1.527E+07  5.86E-01  6.59E+00
2016  8 25 238  1.00  167.0  7.060E+09  1.194E+10  1.059E+09 8.005E-13  733.1   861  6.817E+06  1.742E+07  4.769E+05  1.545E+07  5.91E-01  6.66E+00
2016  8 25 238  1.00  167.5  6.953E+09  1.166E+10  1.031E+09 7.831E-13  734.9   861  6.786E+06  1.685E+07  4.715E+05  1.563E+07  5.96E-01  6.74E+00
2016  8 25 238  1.00  168.0  6.848E+09  1.139E+10  1.004E+09 7.662E-13  736.6   861  6.756E+06  1.630E+07  4.662E+05  1.581E+07  6.01E-01  6.82E+00
2016  8 25 238  1.00  168.5  6.746E+09  1.113E+10  9.778E+08 7.497E-13  738.2   861  6.725E+06  1.577E+07  4.611E+05  1.598E+07  6.06E-01  6.90E+00
2016  8 25 238  1.00  169.0  6.645E+09  1.087E+10  9.522E+08 7.337E-13  739.9   861  6.696E+06  1.526E+07  4.560E+05  1.616E+07  6.11E-01  6.98E+00
2016  8 25 238  1.00  169.5  6.546E+09  1.062E+10  9.274E+08 7.180E-13  741.5   861  6.666E+06  1.477E+07  4.512E+05  1.632E+07  6.17E-01  7.06E+00
2016  8 25 238  1.00  170.0  6.450E+09  1.037E+10  9.034E+08 7.028E-13  743.2   861  6.637E+06  1.429E+07  4.464E+05  1.649E+07  6.22E-01  7.14E+00
2016  8 25 238  1.00  170.5  6.355E+09  1.014E+10  8.800E+08 6.879E-13  744.8   861  6.608E+06  1.383E+07  4.418E+05  1.665E+07  6.27E-01  7.22E+00
2016  8 25 238  1.00  171.0  6.261E+09  9.903E+09  8.573E+08 6.735E-13  746.3   861  6.579E+06  1.339E+07  4.373E+05  1.681E+07  6.32E-01  7.30E+00
2016  8 25 238  1.00  171.5  6.170E+09  9.678E+09  8.353E+08 6.594E-13  747.9   861  6.551E+06  1.296E+07  4.328E+05  1.696E+07  6.38E-01  7.39E+00
2016  8 25 238  1.00  172.0  6.080E+09  9.458E+09  8.139E+08 6.456E-13  749.4   861  6.523E+06  1.255E+07  4.286E+05  1.711E+07  6.43E-01  7.47E+00
2016  8 25 238  1.00  172.5  5.992E+09  9.244E+09  7.931E+08 6.322E-13  750.9   861  6.495E+06  1.215E+07  4.244E+05  1.725E+07  6.48E-01  7.56E+00
2016  8 25 238  1.00  173.0  5.906E+09  9.035E+09  7.729E+08 6.191E-13  752.4   861  6.468E+06  1.177E+07  4.203E+05  1.740E+07  6.54E-01  7.64E+00
2016  8 25 238  1.00  173.5  5.821E+09  8.832E+09  7.533E+08 6.064E-13  753.9   861  6.441E+06  1.140E+07  4.163E+05  1.753E+07  6.59E-01  7.73E+00
2016  8 25 238  1.00  174.0  5.738E+09  8.634E+09  7.343E+08 5.939E-13  755.3   861  6.414E+06  1.104E+07  4.125E+05  1.767E+07  6.65E-01  7.81E+00
2016  8 25 238  1.00  174.5  5.656E+09  8.441E+09  7.158E+08 5.818E-13  756.7   861  6.387E+06  1.070E+07  4.087E+05  1.780E+07  6.70E-01  7.90E+00
2016  8 25 238  1.00  175.0  5.576E+09  8.253E+09  6.978E+08 5.699E-13  758.2   861  6.361E+06  1.036E+07  4.050E+05  1.792E+07  6.76E-01  7.99E+00
2016  8 25 238  1.00  175.5  5.497E+09  8.070E+09  6.803E+08 5.584E-13  759.5   861  6.335E+06  1.004E+07  4.014E+05  1.805E+07  6.81E-01  8.08E+00
2016  8 25 238  1.00  176.0  5.420E+09  7.891E+09  6.633E+08 5.471E-13  760.9   861  6.309E+06  9.731E+06  3.979E+05  1.816E+07  6.87E-01  8.17E+00
2016  8 25 238  1.00  176.5  5.344E+09  7.717E+09  6.467E+08 5.361E-13  762.3   861  6.284E+06  9.430E+06  3.945E+05  1.828E+07  6.92E-01  8.26E+00
2016  8 25 238  1.00  177.0  5.269E+09  7.548E+09  6.307E+08 5.253E-13  763.6   861  6.258E+06  9.140E+06  3.911E+05  1.839E+07  6.98E-01  8.36E+00
2016  8 25 238  1.00  177.5  5.196E+09  7.382E+09  6.150E+08 5.148E-13  764.9   861  6.233E+06  8.859E+06  3.879E+05  1.849E+07  7.04E-01  8.45E+00
2016  8 25 238  1.00  178.0  5.124E+09  7.220E+09  5.998E+08 5.046E-13  766.2   861  6.209E+06  8.587E+06  3.847E+05  1.859E+07  7.10E-01  8.54E+00
2016  8 25 238  1.00  178.5  5.053E+09  7.063E+09  5.851E+08 4.946E-13  767.5   861  6.184E+06  8.325E+06  3.816E+05  1.869E+07  7.15E-01  8.64E+00
2016  8 25 238  1.00  179.0  4.984E+09  6.909E+09  5.707E+08 4.848E-13  768.8   861  6.160E+06  8.071E+06  3.786E+05  1.878E+07  7.21E-01  8.73E+00
2016  8 25 238  1.00  179.5  4.915E+09  6.759E+09  5.567E+08 4.753E-13  770.0   861  6.136E+06  7.826E+06  3.756E+05  1.887E+07  7.27E-01  8.83E+00
2016  8 25 238  1.00  180.0  4.848E+09  6.613E+09  5.431E+08 4.660E-13  771.2   861  6.112E+06  7.589E+06  3.727E+05  1.895E+07  7.33E-01  8.93E+00
2016  8 25 238  1.00  180.5  4.782E+09  6.470E+09  5.298E+08 4.569E-13  772.4   861  6.088E+06  7.359E+06  3.699E+05  1.903E+07  7.39E-01  9.03E+00
2016  8 25 238  1.00  181.0  4.717E+09  6.331E+09  5.169E+08 4.480E-13  773.6   861  6.065E+06  7.137E+06  3.672E+05  1.910E+07  7.45E-01  9.13E+00
2016  8 25 238  1.00  181.5  4.653E+09  6.195E+09  5.044E+08 4.393E-13  774.8   861  6.041E+06  6.923E+06  3.645E+05  1.917E+07  7.51E-01  9.23E+00
2016  8 25 238  1.00  182.0  4.591E+09  6.063E+09  4.922E+08 4.308E-13  776.0   861  6.018E+06  6.715E+06  3.618E+05  1.924E+07  7.57E-01  9.33E+00
2016  8 25 238  1.00  182.5  4.529E+09  5.933E+09  4.803E+08 4.225E-13  777.1   861  5.996E+06  6.514E+06  3.593E+05  1.930E+07  7.63E-01  9.43E+00
2016  8 25 238  1.00  183.0  4.468E+09  5.807E+09  4.687E+08 4.144E-13  778.3   861  5.973E+06  6.319E+06  3.568E+05  1.936E+07  7.70E-01  9.53E+00
2016  8 25 238  1.00  183.5  4.409E+09  5.683E+09  4.575E+08 4.065E-13  779.4   861  5.951E+06  6.131E+06  3.543E+05  1.941E+07  7.76E-01  9.64E+00
2016  8 25 238  1.00  184.0  4.350E+09  5.563E+09  4.465E+08 3.987E-13  780.5   861  5.928E+06  5.949E+06  3.519E+05  1.946E+07  7.82E-01  9.74E+00
2016  8 25 238  1.00  184.5  4.292E+09  5.445E+09  4.358E+08 3.911E-13  781.6   861  5.906E+06  5.772E+06  3.496E+05  1.951E+07  7.88E-01  9.85E+00
2016  8 25 238  1.00  185.0  4.236E+09  5.330E+09  4.254E+08 3.837E-13  782.6   861  5.884E+06  5.601E+06  3.473E+05  1.955E+07  7.95E-01  9.96E+00
2016  8 25 238  1.00  185.5  4.180E+09  5.218E+09  4.153E+08 3.765E-13  783.7   861  5.863E+06  5.436E+06  3.451E+05  1.959E+07  8.01E-01  1.01E+01
2016  8 25 238  1.00  186.0  4.125E+09  5.109E+09  4.054E+08 3.694E-13  784.7   861  5.841E+06  5.276E+06  3.429E+05  1.962E+07  8.07E-01  1.02E+01
2016  8 25 238  1.00  186.5  4.071E+09  5.002E+09  3.958E+08 3.625E-13  785.8   861  5.820E+06  5.121E+06  3.408E+05  1.965E+07  8.14E-01  1.03E+01
2016  8 25 238  1.00  187.0  4.018E+09  4.897E+09  3.864E+08 3.557E-13  786.8   861  5.799E+06  4.971E+06  3.387E+05  1.968E+07  8.20E-01  1.04E+01
2016  8 25 238  1.00  187.5  3.965E+09  4.795E+09  3.773E+08 3.491E-13  787.8   861  5.778E+06  4.825E+06  3.366E+05  1.970E+07  8.27E-01  1.05E+01
2016  8 25 238  1.00  188.0  3.914E+09  4.695E+09  3.684E+08 3.426E-13  788.8   861  5.757E+06  4.684E+06  3.347E+05  1.971E+07  8.34E-01  1.06E+01
2016  8 25 238  1.00  188.5  3.863E+09  4.598E+09  3.598E+08 3.362E-13  789.7   861  5.736E+06  4.548E+06  3.327E+05  1.973E+07  8.40E-01  1.07E+01
2016  8 25 238  1.00  189.0  3.813E+09  4.502E+09  3.513E+08 3.300E-13  790.7   861  5.716E+06  4.415E+06  3.308E+05  1.974E+07  8.47E-01  1.09E+01
2016  8 25 238  1.00  189.5  3.764E+09  4.409E+09  3.431E+08 3.239E-13  791.7   861  5.696E+06  4.287E+06  3.289E+05  1.974E+07  8.54E-01  1.10E+01
2016  8 25 238  1.00  190.0  3.716E+09  4.318E+09  3.351E+08 3.180E-13  792.6   861  5.675E+06  4.163E+06  3.271E+05  1.975E+07  8.61E-01  1.11E+01
2016  8 25 238  1.00  190.5  3.668E+09  4.229E+09  3.273E+08 3.122E-13  793.5   861  5.655E+06  4.043E+06  3.253E+05  1.974E+07  8.67E-01  1.12E+01
2016  8 25 238  1.00  191.0  3.622E+09  4.143E+09  3.196E+08 3.065E-13  794.4   861  5.636E+06  3.926E+06  3.236E+05  1.974E+07  8.74E-01  1.13E+01
2016  8 25 238  1.00  191.5  3.575E+09  4.058E+09  3.122E+08 3.009E-13  795.3   861  5.616E+06  3.813E+06  3.219E+05  1.973E+07  8.81E-01  1.15E+01
2016  8 25 238  1.00  192.0  3.530E+09  3.975E+09  3.050E+08 2.954E-13  796.2   861  5.596E+06  3.703E+06  3.202E+05  1.972E+07  8.88E-01  1.16E+01
2016  8 25 238  1.00  192.5  3.485E+09  3.893E+09  2.979E+08 2.901E-13  797.1   861  5.577E+06  3.597E+06  3.186E+05  1.970E+07  8.95E-01  1.17E+01
2016  8 25 238  1.00  193.0  3.441E+09  3.814E+09  2.910E+08 2.849E-13  797.9   861  5.558E+06  3.494E+06  3.170E+05  1.969E+07  9.02E-01  1.18E+01
2016  8 25 238  1.00  193.5  3.398E+09  3.736E+09  2.843E+08 2.797E-13  798.8   861  5.538E+06  3.394E+06  3.154E+05  1.966E+07  9.09E-01  1.20E+01
2016  8 25 238  1.00  194.0  3.355E+09  3.660E+09  2.778E+08 2.747E-13  799.6   861  5.519E+06  3.297E+06  3.139E+05  1.964E+07  9.17E-01  1.21E+01
2016  8 25 238  1.00  194.5  3.313E+09  3.586E+09  2.714E+08 2.698E-13  800.5   861  5.501E+06  3.203E+06  3.124E+05  1.961E+07  9.24E-01  1.22E+01
2016  8 25 238  1.00  195.0  3.272E+09  3.514E+09  2.652E+08 2.650E-13  801.3   861  5.482E+06  3.112E+06  3.109E+05  1.958E+07  9.31E-01  1.23E+01
2016  8 25 238  1.00  195.5  3.231E+09  3.443E+09  2.591E+08 2.603E-13  802.1   861  5.463E+06  3.024E+06  3.094E+05  1.954E+07  9.38E-01  1.25E+01
2016  8 25 238  1.00  196.0  3.191E+09  3.373E+09  2.532E+08 2.557E-13  802.9   861  5.445E+06  2.938E+06  3.080E+05  1.951E+07  9.46E-01  1.26E+01
2016  8 25 238  1.00  196.5  3.151E+09  3.305E+09  2.474E+08 2.511E-13  803.7   861  5.427E+06  2.855E+06  3.066E+05  1.947E+07  9.53E-01  1.27E+01
2016  8 25 238  1.00  197.0  3.112E+09  3.239E+09  2.418E+08 2.467E-13  804.4   861  5.408E+06  2.774E+06  3.053E+05  1.942E+07  9.61E-01  1.29E+01
2016  8 25 238  1.00  197.5  3.074E+09  3.174E+09  2.363E+08 2.424E-13  805.2   861  5.390E+06  2.696E+06  3.040E+05  1.938E+07  9.68E-01  1.30E+01
2016  8 25 238  1.00  198.0  3.036E+09  3.110E+09  2.309E+08 2.381E-13  805.9   861  5.372E+06  2.620E+06  3.027E+05  1.933E+07  9.76E-01  1.31E+01
2016  8 25 238  1.00  198.5  2.998E+09  3.048E+09  2.257E+08 2.340E-13  806.7   861  5.354E+06  2.546E+06  3.014E+05  1.928E+07  9.84E-01  1.33E+01
2016  8 25 238  1.00  199.0  2.962E+09  2.987E+09  2.205E+08 2.299E-13  807.4   861  5.337E+06  2.475E+06  3.001E+05  1.922E+07  9.91E-01  1.34E+01
2016  8 25 238  1.00  199.5  2.925E+09  2.928E+09  2.156E+08 2.259E-13  808.1   861  5.319E+06  2.405E+06  2.989E+05  1.917E+07  9.99E-01  1.36E+01
2016  8 25 238  1.00  200.0  2.890E+09  2.870E+09  2.107E+08 2.220E-13  808.8   861  5.302E+06  2.338E+06  2.977E+05  1.911E+07  1.01E+00  1.37E+01
2016  8 25 238  1.00  200.5  2.854E+09  2.813E+09  2.060E+08 2.181E-13  809.5   861  5.280E+06  2.273E+06  2.965E+05  1.905E+07  1.01E+00  1.39E+01
2016  8 25 238  1.00  201.0  2.820E+09  2.757E+09  2.014E+08 2.144E-13  810.2   861  5.262E+06  2.209E+06  2.954E+05  1.899E+07  1.02E+00  1.40E+01
2016  8 25 238  1.00  201.5  2.785E+09  2.702E+09  1.969E+08 2.107E-13  810.9   861  5.245E+06  2.148E+06  2.943E+05  1.892E+07  1.03E+00  1.41E+01
2016  8 25 238  1.00  202.0  2.752E+09  2.649E+09  1.925E+08 2.070E-13  811.6   861  5.228E+06  2.088E+06  2.932E+05  1.885E+07  1.04E+00  1.43E+01
2016  8 25 238  1.00  202.5  2.718E+09  2.597E+09  1.881E+08 2.035E-13  812.3   861  5.212E+06  2.030E+06  2.921E+05  1.878E+07  1.05E+00  1.44E+01
2016  8 25 238  1.00  203.0  2.686E+09  2.545E+09  1.839E+08 2.000E-13  812.9   861  5.195E+06  1.974E+06  2.910E+05  1.871E+07  1.06E+00  1.46E+01
2016  8 25 238  1.00  203.5  2.653E+09  2.495E+09  1.798E+08 1.966E-13  813.6   861  5.178E+06  1.919E+06  2.900E+05  1.864E+07  1.06E+00  1.48E+01
2016  8 25 238  1.00  204.0  2.621E+09  2.446E+09  1.758E+08 1.933E-13  814.2   861  5.162E+06  1.866E+06  2.889E+05  1.856E+07  1.07E+00  1.49E+01
2016  8 25 238  1.00  204.5  2.590E+09  2.398E+09  1.719E+08 1.900E-13  814.8   861  5.145E+06  1.814E+06  2.879E+05  1.848E+07  1.08E+00  1.51E+01
2016  8 25 238  1.00  205.0  2.559E+09  2.351E+09  1.681E+08 1.868E-13  815.5   861  5.129E+06  1.764E+06  2.869E+05  1.840E+07  1.09E+00  1.52E+01
2016  8 25 238  1.00  205.5  2.528E+09  2.305E+09  1.643E+08 1.836E-13  816.1   861  5.113E+06  1.715E+06  2.860E+05  1.832E+07  1.10E+00  1.54E+01
2016  8 25 238  1.00  206.0  2.498E+09  2.260E+09  1.607E+08 1.805E-13  816.7   861  5.097E+06  1.668E+06  2.850E+05  1.824E+07  1.11E+00  1.55E+01
2016  8 25 238  1.00  206.5  2.469E+09  2.216E+09  1.571E+08 1.775E-13  817.3   861  5.081E+06  1.622E+06  2.841E+05  1.816E+07  1.11E+00  1.57E+01
2016  8 25 238  1.00  207.0  2.439E+09  2.173E+09  1.536E+08 1.745E-13  817.9   861  5.065E+06  1.578E+06  2.832E+05  1.807E+07  1.12E+00  1.59E+01
2016  8 25 238  1.00  207.5  2.410E+09  2.131E+09  1.502E+08 1.716E-13  818.4   861  5.049E+06  1.535E+06  2.823E+05  1.798E+07  1.13E+00  1.60E+01
2016  8 25 238  1.00  208.0  2.382E+09  2.089E+09  1.469E+08 1.687E-13  819.0   861  5.033E+06  1.493E+06  2.814E+05  1.789E+07  1.14E+00  1.62E+01
2016  8 25 238  1.00  208.5  2.354E+09  2.049E+09  1.437E+08 1.659E-13  819.6   861  5.018E+06  1.452E+06  2.805E+05  1.780E+07  1.15E+00  1.64E+01
2016  8 25 238  1.00  209.0  2.326E+09  2.009E+09  1.405E+08 1.632E-13  820.1   861  5.002E+06  1.412E+06  2.797E+05  1.771E+07  1.16E+00  1.66E+01
2016  8 25 238  1.00  209.5  2.299E+09  1.970E+09  1.374E+08 1.605E-13  820.7   861  4.986E+06  1.373E+06  2.789E+05  1.762E+07  1.17E+00  1.67E+01
2016  8 25 238  1.00  210.0  2.272E+09  1.932E+09  1.344E+08 1.578E-13  821.2   861  4.971E+06  1.336E+06  2.780E+05  1.752E+07  1.18E+00  1.69E+01
2016  8 25 238  1.00  210.5  2.245E+09  1.895E+09  1.315E+08 1.552E-13  821.8   861  4.956E+06  1.300E+06  2.772E+05  1.743E+07  1.18E+00  1.71E+01
2016  8 25 238  1.00  211.0  2.219E+09  1.858E+09  1.286E+08 1.527E-13  822.3   861  4.941E+06  1.264E+06  2.764E+05  1.733E+07  1.19E+00  1.73E+01
2016  8 25 238  1.00  211.5  2.193E+09  1.822E+09  1.258E+08 1.501E-13  822.8   861  4.925E+06  1.230E+06  2.757E+05  1.723E+07  1.20E+00  1.74E+01
2016  8 25 238  1.00  212.0  2.167E+09  1.787E+09  1.230E+08 1.477E-13  823.3   861  4.910E+06  1.197E+06  2.749E+05  1.714E+07  1.21E+00  1.76E+01
2016  8 25 238  1.00  212.5  2.142E+09  1.753E+09  1.203E+08 1.453E-13  823.8   861  4.895E+06  1.164E+06  2.741E+05  1.704E+07  1.22E+00  1.78E+01
2016  8 25 238  1.00  213.0  2.117E+09  1.719E+09  1.177E+08 1.429E-13  824.3   861  4.880E+06  1.133E+06  2.734E+05  1.694E+07  1.23E+00  1.80E+01
2016  8 25 238  1.00  213.5  2.093E+09  1.686E+09  1.151E+08 1.406E-13  824.8   861  4.866E+06  1.102E+06  2.727E+05  1.684E+07  1.24E+00  1.82E+01
2016  8 25 238  1.00  214.0  2.068E+09  1.654E+09  1.126E+08 1.383E-13  825.3   861  4.851E+06  1.072E+06  2.720E+05  1.673E+07  1.25E+00  1.84E+01
2016  8 25 238  1.00  214.5  2.044E+09  1.622E+09  1.102E+08 1.361E-13  825.8   861  4.836E+06  1.043E+06  2.713E+05  1.663E+07  1.26E+00  1.86E+01
2016  8 25 238  1.00  215.0  2.021E+09  1.591E+09  1.078E+08 1.339E-13  826.3   861  4.822E+06  1.015E+06  2.706E+05  1.653E+07  1.27E+00  1.87E+01
2016  8 25 238  1.00  215.5  1.997E+09  1.561E+09  1.054E+08 1.317E-13  826.7   861  4.807E+06  9.878E+05  2.699E+05  1.642E+07  1.28E+00  1.89E+01
2016  8 25 238  1.00  216.0  1.974E+09  1.531E+09  1.032E+08 1.296E-13  827.2   861  4.793E+06  9.612E+05  2.693E+05  1.632E+07  1.29E+00  1.91E+01
2016  8 25 238  1.00  216.5  1.952E+09  1.502E+09  1.009E+08 1.275E-13  827.7   861  4.778E+06  9.353E+05  2.686E+05  1.621E+07  1.30E+00  1.93E+01
2016  8 25 238  1.00  217.0  1.929E+09  1.474E+09  9.874E+07 1.254E-13  828.1   861  4.764E+06  9.102E+05  2.680E+05  1.611E+07  1.31E+00  1.95E+01
2016  8 25 238  1.00  217.5  1.907E+09  1.446E+09  9.661E+07 1.234E-13  828.5   861  4.750E+06  8.858E+05  2.673E+05  1.600E+07  1.32E+00  1.97E+01
2016  8 25 238  1.00  218.0  1.885E+09  1.418E+09  9.452E+07 1.215E-13  829.0   861  4.736E+06  8.620E+05  2.667E+05  1.590E+07  1.33E+00  1.99E+01
2016  8 25 238  1.00  218.5  1.864E+09  1.391E+09  9.248E+07 1.195E-13  829.4   861  4.722E+06  8.389E+05  2.661E+05  1.579E+07  1.34E+00  2.02E+01
2016  8 25 238  1.00  219.0  1.843E+09  1.365E+09  9.049E+07 1.176E-13  829.8   861  4.708E+06  8.165E+05  2.655E+05  1.568E+07  1.35E+00  2.04E+01
2016  8 25 238  1.00  219.5  1.822E+09  1.339E+09  8.854E+07 1.158E-13  830.3   861  4.694E+06  7.947E+05  2.649E+05  1.557E+07  1.36E+00  2.06E+01
2016  8 25 238  1.00  220.0  1.801E+09  1.314E+09  8.664E+07 1.139E-13  830.7   861  4.680E+06  7.734E+05  2.643E+05  1.547E+07  1.37E+00  2.08E+01
2016  8 25 238  1.00  220.5  1.780E+09  1.289E+09  8.478E+07 1.121E-13  831.1   861  4.666E+06  7.528E+05  2.637E+05  1.536E+07  1.38E+00  2.10E+01
2016  8 25 238  1.00  221.0  1.760E+09  1.265E+09  8.296E+07 1.104E-13  831.5   861  4.653E+06  7.327E+05  2.632E+05  1.525E+07  1.39E+00  2.12E+01
2016  8 25 238  1.00  221.5  1.740E+09  1.241E+09  8.118E+07 1.086E-13  831.9   861  4.639E+06  7.132E+05  2.626E+05  1.514E+07  1.40E+00  2.14E+01
2016  8 25 238  1.00  222.0  1.721E+09  1.217E+09  7.944E+07 1.069E-13  832.3   861  4.625E+06  6.942E+05  2.621E+05  1.503E+07  1.41E+00  2.17E+01
2016  8 25 238  1.00  222.5  1.701E+09  1.194E+09  7.774E+07 1.053E-13  832.7   861  4.612E+06  6.758E+05  2.615E+05  1.492E+07  1.42E+00  2.19E+01
2016  8 25 238  1.00  223.0  1.682E+09  1.172E+09  7.607E+07 1.036E-13  833.0   861  4.598E+06  6.578E+05  2.610E+05  1.481E+07  1.44E+00  2.21E+01
2016  8 25 238  1.00  223.5  1.663E+09  1.150E+09  7.445E+07 1.020E-13  833.4   861  4.585E+06  6.404E+05  2.605E+05  1.470E+07  1.45E+00  2.23E+01
2016  8 25 238  1.00  224.0  1.644E+09  1.128E+09  7.286E+07 1.004E-13  833.8   861  4.572E+06  6.234E+05  2.600E+05  1.460E+07  1.46E+00  2.26E+01
2016  8 25 238  1.00  224.5  1.626E+09  1.107E+09  7.130E+07 9.884E-14  834.2   861  4.558E+06  6.068E+05  2.595E+05  1.449E+07  1.47E+00  2.28E+01
2016  8 25 238  1.00  225.0  1.608E+09  1.087E+09  6.978E+07 9.731E-14  834.5   861  4.545E+06  5.908E+05  2.590E+05  1.438E+07  1.48E+00  2.30E+01
2016  8 25 238  1.00  225.5  1.590E+09  1.066E+09  6.830E+07 9.580E-14  834.9   861  4.532E+06  5.751E+05  2.585E+05  1.427E+07  1.49E+00  2.33E+01
2016  8 25 238  1.00  226.0  1.572E+09  1.046E+09  6.684E+07 9.432E-14  835.2   861  4.519E+06  5.599E+05  2.580E+05  1.416E+07  1.50E+00  2.35E+01
2016  8 25 238  1.00  226.5  1.554E+09  1.027E+09  6.542E+07 9.287E-14  835.6   861  4.506E+06  5.451E+05  2.575E+05  1.405E+07  1.51E+00  2.38E+01
2016  8 25 238  1.00  227.0  1.537E+09  1.008E+09  6.403E+07 9.144E-14  835.9   861  4.493E+06  5.308E+05  2.570E+05  1.394E+07  1.53E+00  2.40E+01
2016  8 25 238  1.00  227.5  1.520E+09  9.888E+08  6.267E+07 9.004E-14  836.3   861  4.480E+06  5.168E+05  2.566E+05  1.383E+07  1.54E+00  2.42E+01
2016  8 25 238  1.00  228.0  1.503E+09  9.703E+08  6.134E+07 8.865E-14  836.6   861  4.467E+06  5.031E+05  2.561E+05  1.373E+07  1.55E+00  2.45E+01
2016  8 25 238  1.00  228.5  1.486E+09  9.523E+08  6.004E+07 8.730E-14  836.9   861  4.454E+06  4.899E+05  2.557E+05  1.362E+07  1.56E+00  2.47E+01
2016  8 25 238  1.00  229.0  1.469E+09  9.346E+08  5.877E+07 8.597E-14  837.2   861  4.442E+06  4.770E+05  2.552E+05  1.351E+07  1.57E+00  2.50E+01
2016  8 25 238  1.00  229.5  1.453E+09  9.172E+08  5.753E+07 8.465E-14  837.6   861  4.429E+06  4.644E+05  2.548E+05  1.340E+07  1.58E+00  2.53E+01
2016  8 25 238  1.00  230.0  1.437E+09  9.002E+08  5.631E+07 8.337E-14  837.9   861  4.416E+06  4.522E+05  2.543E+05  1.329E+07  1.60E+00  2.55E+01
2016  8 25 238  1.00  230.5  1.421E+09  8.834E+08  5.512E+07 8.210E-14  838.2   861  4.404E+06  4.404E+05  2.539E+05  1.319E+07  1.61E+00  2.58E+01
2016  8 25 238  1.00  231.0  1.405E+09  8.671E+08  5.396E+07 8.086E-14  838.5   861  4.391E+06  4.288E+05  2.535E+05  1.308E+07  1.62E+00  2.60E+01
2016  8 25 238  1.00  231.5  1.390E+09  8.510E+08  5.282E+07 7.963E-14  838.8   861  4.379E+06  4.176E+05  2.531E+05  1.297E+07  1.63E+00  2.63E+01
2016  8 25 238  1.00  232.0  1.375E+09  8.352E+08  5.170E+07 7.843E-14  839.1   861  4.367E+06  4.066E+05  2.527E+05  1.287E+07  1.65E+00  2.66E+01
2016  8 25 238  1.00  232.5  1.359E+09  8.198E+08  5.062E+07 7.725E-14  839.4   861  4.354E+06  3.960E+05  2.523E+05  1.276E+07  1.66E+00  2.69E+01
2016  8 25 238  1.00  233.0  1.344E+09  8.046E+08  4.955E+07 7.609E-14  839.7   861  4.342E+06  3.856E+05  2.519E+05  1.266E+07  1.67E+00  2.71E+01
2016  8 25 238  1.00  233.5  1.330E+09  7.898E+08  4.851E+07 7.494E-14  840.0   861  4.330E+06  3.755E+05  2.515E+05  1.255E+07  1.68E+00  2.74E+01
2016  8 25 238  1.00  234.0  1.315E+09  7.752E+08  4.749E+07 7.382E-14  840.3   861  4.318E+06  3.657E+05  2.511E+05  1.245E+07  1.70E+00  2.77E+01
2016  8 25 238  1.00  234.5  1.301E+09  7.609E+08  4.649E+07 7.272E-14  840.5   861  4.305E+06  3.562E+05  2.507E+05  1.234E+07  1.71E+00  2.80E+01
2016  8 25 238  1.00  235.0  1.286E+09  7.468E+08  4.551E+07 7.163E-14  840.8   861  4.293E+06  3.469E+05  2.503E+05  1.224E+07  1.72E+00  2.83E+01
2016  8 25 238  1.00  235.5  1.272E+09  7.331E+08  4.456E+07 7.056E-14  841.1   861  4.281E+06  3.378E+05  2.500E+05  1.214E+07  1.74E+00  2.86E+01
2016  8 25 238  1.00  236.0  1.258E+09  7.196E+08  4.362E+07 6.951E-14  841.4   861  4.269E+06  3.290E+05  2.496E+05  1.203E+07  1.75E+00  2.88E+01
2016  8 25 238  1.00  236.5  1.245E+09  7.063E+08  4.271E+07 6.848E-14  841.6   861  4.257E+06  3.204E+05  2.492E+05  1.193E+07  1.76E+00  2.91E+01
2016  8 25 238  1.00  237.0  1.231E+09  6.934E+08  4.182E+07 6.747E-14  841.9   861  4.246E+06  3.121E+05  2.489E+05  1.183E+07  1.78E+00  2.94E+01
2016  8 25 238  1.00  237.5  1.217E+09  6.806E+08  4.094E+07 6.647E-14  842.1   861  4.234E+06  3.040E+05  2.485E+05  1.173E+07  1.79E+00  2.97E+01
2016  8 25 238  1.00  238.0  1.204E+09  6.681E+08  4.008E+07 6.549E-14  842.4   861  4.222E+06  2.961E+05  2.482E+05  1.163E+07  1.80E+00  3.00E+01
2016  8 25 238  1.00  238.5  1.191E+09  6.559E+08  3.925E+07 6.452E-14  842.7   861  4.210E+06  2.884E+05  2.478E+05  1.153E+07  1.82E+00  3.03E+01
2016  8 25 238  1.00  239.0  1.178E+09  6.438E+08  3.843E+07 6.357E-14  842.9   861  4.199E+06  2.809E+05  2.475E+05  1.143E+07  1.83E+00  3.07E+01
2016  8 25 238  1.00  239.5  1.165E+09  6.320E+08  3.762E+07 6.264E-14  843.1   861  4.187E+06  2.736E+05  2.471E+05  1.133E+07  1.84E+00  3.10E+01
2016  8 25 238  1.00  240.0  1.153E+09  6.205E+08  3.684E+07 6.172E-14  843.4   861  4.175E+06  2.665E+05  2.468E+05  1.123E+07  1.86E+00  3.13E+01
2016  8 25 238  1.00  240.5  1.140E+09  6.091E+08  3.607E+07 6.081E-14  843.6   861  4.164E+06  2.596E+05  2.465E+05  1.113E+07  1.87E+00  3.16E+01
2016  8 25 238  1.00  241.0  1.128E+09  5.980E+08  3.532E+07 5.993E-14  843.9   861  4.152E+06  2.529E+05  2.461E+05  1.103E+07  1.89E+00  3.19E+01
2016  8 25 238  1.00  241.5  1.116E+09  5.870E+08  3.458E+07 5.905E-14  844.1   861  4.141E+06  2.463E+05  2.458E+05  1.094E+07  1.90E+00  3.23E+01
2016  8 25 238  1.00  242.0  1.104E+09  5.763E+08  3.386E+07 5.819E-14  844.3   861  4.129E+06  2.399E+05  2.455E+05  1.084E+07  1.91E+00  3.26E+01
2016  8 25 238  1.00  242.5  1.092E+09  5.658E+08  3.316E+07 5.735E-14  844.5   861  4.118E+06  2.337E+05  2.452E+05  1.074E+07  1.93E+00  3.29E+01
2016  8 25 238  1.00  243.0  1.080E+09  5.555E+08  3.247E+07 5.651E-14  844.8   861  4.107E+06  2.277E+05  2.449E+05  1.065E+07  1.94E+00  3.33E+01
2016  8 25 238  1.00  243.5  1.068E+09  5.453E+08  3.180E+07 5.569E-14  845.0   861  4.096E+06  2.218E+05  2.445E+05  1.055E+07  1.96E+00  3.36E+01
2016  8 25 238  1.00  244.0  1.057E+09  5.354E+08  3.114E+07 5.489E-14  845.2   861  4.084E+06  2.161E+05  2.442E+05  1.046E+07  1.97E+00  3.39E+01
2016  8 25 238  1.00  244.5  1.045E+09  5.256E+08  3.049E+07 5.410E-14  845.4   861  4.073E+06  2.105E+05  2.439E+05  1.037E+07  1.99E+00  3.43E+01
2016  8 25 238  1.00  245.0  1.034E+09  5.161E+08  2.986E+07 5.332E-14  845.6   861  4.062E+06  2.051E+05  2.436E+05  1.027E+07  2.00E+00  3.46E+01
2016  8 25 238  1.00  245.5  1.023E+09  5.067E+08  2.924E+07 5.255E-14  845.8   861  4.051E+06  1.998E+05  2.433E+05  1.018E+07  2.02E+00  3.50E+01
2016  8 25 238  1.00  246.0  1.012E+09  4.975E+08  2.863E+07 5.179E-14  846.0   861  4.040E+06  1.946E+05  2.430E+05  1.009E+07  2.03E+00  3.53E+01
2016  8 25 238  1.00  246.5  1.001E+09  4.884E+08  2.804E+07 5.105E-14  846.2   861  4.029E+06  1.896E+05  2.428E+05  9.999E+06  2.05E+00  3.57E+01
2016  8 25 238  1.00  247.0  9.903E+08  4.796E+08  2.746E+07 5.032E-14  846.4   861  4.018E+06  1.847E+05  2.425E+05  9.908E+06  2.06E+00  3.61E+01
2016  8 25 238  1.00  247.5  9.797E+08  4.709E+08  2.689E+07 4.960E-14  846.6   861  4.007E+06  1.800E+05  2.422E+05  9.819E+06  2.08E+00  3.64E+01
2016  8 25 238  1.00  248.0  9.692E+08  4.623E+08  2.634E+07 4.889E-14  846.8   861  3.996E+06  1.754E+05  2.419E+05  9.729E+06  2.10E+00  3.68E+01
2016  8 25 238  1.00  248.5  9.588E+08  4.539E+08  2.579E+07 4.820E-14  847.0   861  3.985E+06  1.708E+05  2.416E+05  9.641E+06  2.11E+00  3.72E+01
2016  8 25 238  1.00  249.0  9.486E+08  4.457E+08  2.526E+07 4.751E-14  847.2   861  3.974E+06  1.665E+05  2.413E+05  9.553E+06  2.13E+00  3.76E+01
2016  8 25 238  1.00  249.5  9.384E+08  4.376E+08  2.474E+07 4.684E-14  847.4   861  3.964E+06  1.622E+05  2.411E+05  9.466E+06  2.14E+00  3.79E+01
2016  8 25 238  1.00  250.0  9.284E+08  4.297E+08  2.423E+07 4.617E-14  847.6   861  3.953E+06  1.580E+05  2.408E+05  9.379E+06  2.16E+00  3.83E+01
2016  8 25 238  1.00  250.5  9.185E+08  4.219E+08  2.373E+07 4.552E-14  847.8   861  3.942E+06  1.540E+05  2.405E+05  9.293E+06  2.18E+00  3.87E+01
2016  8 25 238  1.00  251.0  9.087E+08  4.143E+08  2.324E+07 4.488E-14  848.0   861  3.932E+06  1.500E+05  2.403E+05  9.208E+06  2.19E+00  3.91E+01
2016  8 25 238  1.00  251.5  8.991E+08  4.068E+08  2.276E+07 4.425E-14  848.1   861  3.921E+06  1.462E+05  2.400E+05  9.123E+06  2.21E+00  3.95E+01
2016  8 25 238  1.00  252.0  8.895E+08  3.995E+08  2.229E+07 4.362E-14  848.3   861  3.910E+06  1.424E+05  2.397E+05  9.039E+06  2.23E+00  3.99E+01
2016  8 25 238  1.00  252.5  8.800E+08  3.923E+08  2.183E+07 4.301E-14  848.5   861  3.900E+06  1.388E+05  2.395E+05  8.956E+06  2.24E+00  4.03E+01
2016  8 25 238  1.00  253.0  8.707E+08  3.852E+08  2.138E+07 4.241E-14  848.6   861  3.889E+06  1.352E+05  2.392E+05  8.873E+06  2.26E+00  4.07E+01
2016  8 25 238  1.00  253.5  8.614E+08  3.782E+08  2.094E+07 4.181E-14  848.8   861  3.879E+06  1.318E+05  2.390E+05  8.791E+06  2.28E+00  4.11E+01
2016  8 25 238  1.00  254.0  8.523E+08  3.714E+08  2.051E+07 4.123E-14  849.0   861  3.868E+06  1.284E+05  2.387E+05  8.710E+06  2.29E+00  4.15E+01
2016  8 25 238  1.00  254.5  8.433E+08  3.647E+08  2.009E+07 4.065E-14  849.1   861  3.858E+06  1.251E+05  2.385E+05  8.629E+06  2.31E+00  4.20E+01
2016  8 25 238  1.00  255.0  8.343E+08  3.581E+08  1.968E+07 4.008E-14  849.3   861  3.848E+06  1.219E+05  2.382E+05  8.549E+06  2.33E+00  4.24E+01
2016  8 25 238  1.00  255.5  8.255E+08  3.517E+08  1.928E+07 3.953E-14  849.5   861  3.837E+06  1.188E+05  2.380E+05  8.469E+06  2.35E+00  4.28E+01
2016  8 25 238  1.00  256.0  8.168E+08  3.454E+08  1.888E+07 3.898E-14  849.6   861  3.827E+06  1.158E+05  2.377E+05  8.390E+06  2.36E+00  4.33E+01
2016  8 25 238  1.00  256.5  8.081E+08  3.392E+08  1.849E+07 3.844E-14  849.8   861  3.817E+06  1.128E+05  2.375E+05  8.312E+06  2.38E+00  4.37E+01
2016  8 25 238  1.00  257.0  7.996E+08  3.331E+08  1.811E+07 3.790E-14  849.9   861  3.807E+06  1.099E+05  2.372E+05  8.235E+06  2.40E+00  4.41E+01
2016  8 25 238  1.00  257.5  7.911E+08  3.271E+08  1.774E+07 3.738E-14  850.1   861  3.797E+06  1.071E+05  2.370E+05  8.158E+06  2.42E+00  4.46E+01
2016  8 25 238  1.00  258.0  7.828E+08  3.212E+08  1.738E+07 3.686E-14  850.2   861  3.786E+06  1.044E+05  2.368E+05  8.081E+06  2.44E+00  4.50E+01
2016  8 25 238  1.00  258.5  7.745E+08  3.154E+08  1.702E+07 3.636E-14  850.4   861  3.776E+06  1.017E+05  2.365E+05  8.006E+06  2.46E+00  4.55E+01
2016  8 25 238  1.00  259.0  7.664E+08  3.098E+08  1.667E+07 3.586E-14  850.5   861  3.766E+06  9.915E+04  2.363E+05  7.931E+06  2.47E+00  4.60E+01
2016  8 25 238  1.00  259.5  7.583E+08  3.042E+08  1.633E+07 3.536E-14  850.7   861  3.756E+06  9.663E+04  2.361E+05  7.856E+06  2.49E+00  4.64E+01
2016  8 25 238  1.00  260.0  7.503E+08  2.988E+08  1.600E+07 3.488E-14  850.8   861  3.746E+06  9.417E+04  2.359E+05  7.782E+06  2.51E+00  4.69E+01
2016  8 25 238  1.00  260.5  7.424E+08  2.934E+08  1.567E+07 3.440E-14  851.0   861  3.736E+06  9.177E+04  2.356E+05  7.709E+06  2.53E+00  4.74E+01
2016  8 25 238  1.00  261.0  7.346E+08  2.881E+08  1.535E+07 3.393E-14  851.1   861  3.726E+06  8.944E+04  2.354E+05  7.637E+06  2.55E+00  4.78E+01
2016  8 25 238  1.00  261.5  7.269E+08  2.830E+08  1.504E+07 3.347E-14  851.2   861  3.717E+06  8.716E+04  2.352E+05  7.565E+06  2.57E+00  4.83E+01
2016  8 25 238  1.00  262.0  7.193E+08  2.779E+08  1.473E+07 3.301E-14  851.4   861  3.707E+06  8.495E+04  2.349E+05  7.494E+06  2.59E+00  4.88E+01
2016  8 25 238  1.00  262.5  7.117E+08  2.729E+08  1.443E+07 3.256E-14  851.5   861  3.697E+06  8.279E+04  2.347E+05  7.423E+06  2.61E+00  4.93E+01
2016  8 25 238  1.00  263.0  7.043E+08  2.681E+08  1.414E+07 3.212E-14  851.6   861  3.687E+06  8.069E+04  2.345E+05  7.353E+06  2.63E+00  4.98E+01
2016  8 25 238  1.00  263.5  6.969E+08  2.633E+08  1.385E+07 3.168E-14  851.7   861  3.677E+06  7.864E+04  2.343E+05  7.283E+06  2.65E+00  5.03E+01
2016  8 25 238  1.00  264.0  6.896E+08  2.586E+08  1.357E+07 3.125E-14  851.9   861  3.668E+06  7.665E+04  2.341E+05  7.215E+06  2.67E+00  5.08E+01
2016  8 25 238  1.00  264.5  6.824E+08  2.539E+08  1.329E+07 3.083E-14  852.0   861  3.658E+06  7.470E+04  2.339E+05  7.146E+06  2.69E+00  5.13E+01
2016  8 25 238  1.00  265.0  6.753E+08  2.494E+08  1.302E+07 3.041E-14  852.1   861  3.648E+06  7.281E+04  2.336E+05  7.079E+06  2.71E+00  5.19E+01
2016  8 25 238  1.00  265.5  6.682E+08  2.450E+08  1.276E+07 3.000E-14  852.2   861  3.639E+06  7.096E+04  2.334E+05  7.012E+06  2.73E+00  5.24E+01
2016  8 25 238  1.00  266.0  6.612E+08  2.406E+08  1.250E+07 2.960E-14  852.4   861  3.629E+06  6.917E+04  2.332E+05  6.945E+06  2.75E+00  5.29E+01
2016  8 25 238  1.00  266.5  6.543E+08  2.363E+08  1.224E+07 2.920E-14  852.5   861  3.620E+06  6.742E+04  2.330E+05  6.880E+06  2.77E+00  5.35E+01
2016  8 25 238  1.00  267.0  6.475E+08  2.321E+08  1.199E+07 2.881E-14  852.6   861  3.610E+06  6.571E+04  2.328E+05  6.814E+06  2.79E+00  5.40E+01
2016  8 25 238  1.00  267.5  6.407E+08  2.279E+08  1.175E+07 2.842E-14  852.7   861  3.601E+06  6.405E+04  2.326E+05  6.750E+06  2.81E+00  5.45E+01
2016  8 25 238  1.00  268.0  6.341E+08  2.239E+08  1.151E+07 2.804E-14  852.8   861  3.591E+06  6.243E+04  2.324E+05  6.686E+06  2.83E+00  5.51E+01
2016  8 25 238  1.00  268.5  6.275E+08  2.199E+08  1.128E+07 2.767E-14  852.9   861  3.582E+06  6.085E+04  2.322E+05  6.622E+06  2.85E+00  5.56E+01
2016  8 25 238  1.00  269.0  6.209E+08  2.160E+08  1.105E+07 2.730E-14  853.1   861  3.572E+06  5.931E+04  2.320E+05  6.559E+06  2.87E+00  5.62E+01
2016  8 25 238  1.00  269.5  6.145E+08  2.121E+08  1.082E+07 2.693E-14  853.2   861  3.563E+06  5.781E+04  2.318E+05  6.497E+06  2.90E+00  5.68E+01
2016  8 25 238  1.00  270.0  6.081E+08  2.084E+08  1.060E+07 2.658E-14  853.3   861  3.554E+06  5.635E+04  2.316E+05  6.435E+06  2.92E+00  5.73E+01
2016  8 25 238  1.00  270.5  6.018E+08  2.047E+08  1.039E+07 2.622E-14  853.4   861  3.544E+06  5.493E+04  2.314E+05  6.374E+06  2.94E+00  5.79E+01
2016  8 25 238  1.00  271.0  5.955E+08  2.010E+08  1.018E+07 2.588E-14  853.5   861  3.535E+06  5.354E+04  2.312E+05  6.313E+06  2.96E+00  5.85E+01
2016  8 25 238  1.00  271.5  5.893E+08  1.975E+08  9.972E+06 2.553E-14  853.6   861  3.526E+06  5.219E+04  2.310E+05  6.253E+06  2.98E+00  5.91E+01
2016  8 25 238  1.00  272.0  5.832E+08  1.939E+08  9.770E+06 2.519E-14  853.7   861  3.517E+06  5.087E+04  2.308E+05  6.194E+06  3.01E+00  5.97E+01
2016  8 25 238  1.00  272.5  5.772E+08  1.905E+08  9.572E+06 2.486E-14  853.8   861  3.507E+06  4.959E+04  2.306E+05  6.135E+06  3.03E+00  6.03E+01
2016  8 25 238  1.00  273.0  5.712E+08  1.871E+08  9.378E+06 2.453E-14  853.9   861  3.498E+06  4.834E+04  2.304E+05  6.076E+06  3.05E+00  6.09E+01
2016  8 25 238  1.00  273.5  5.653E+08  1.838E+08  9.188E+06 2.421E-14  854.0   861  3.489E+06  4.712E+04  2.302E+05  6.018E+06  3.08E+00  6.15E+01
2016  8 25 238  1.00  274.0  5.594E+08  1.805E+08  9.003E+06 2.389E-14  854.1   861  3.480E+06  4.593E+04  2.300E+05  5.961E+06  3.10E+00  6.21E+01
2016  8 25 238  1.00  274.5  5.536E+08  1.773E+08  8.820E+06 2.358E-14  854.2   861  3.471E+06  4.478E+04  2.298E+05  5.904E+06  3.12E+00  6.28E+01
2016  8 25 238  1.00  275.0  5.479E+08  1.742E+08  8.642E+06 2.327E-14  854.3   861  3.462E+06  4.365E+04  2.297E+05  5.848E+06  3.15E+00  6.34E+01
2016  8 25 238  1.00  275.5  5.422E+08  1.711E+08  8.467E+06 2.297E-14  854.4   861  3.453E+06  4.255E+04  2.295E+05  5.792E+06  3.17E+00  6.40E+01
2016  8 25 238  1.00  276.0  5.366E+08  1.681E+08  8.296E+06 2.267E-14  854.5   861  3.444E+06  4.148E+04  2.293E+05  5.737E+06  3.19E+00  6.47E+01
2016  8 25 238  1.00  276.5  5.311E+08  1.651E+08  8.129E+06 2.237E-14  854.6   861  3.435E+06  4.044E+04  2.291E+05  5.682E+06  3.22E+00  6.53E+01
2016  8 25 238  1.00  277.0  5.256E+08  1.622E+08  7.965E+06 2.208E-14  854.6   861  3.426E+06  3.942E+04  2.289E+05  5.628E+06  3.24E+00  6.60E+01
2016  8 25 238  1.00  277.5  5.202E+08  1.593E+08  7.804E+06 2.179E-14  854.7   861  3.417E+06  3.843E+04  2.287E+05  5.574E+06  3.27E+00  6.67E+01
2016  8 25 238  1.00  278.0  5.148E+08  1.565E+08  7.646E+06 2.151E-14  854.8   861  3.408E+06  3.746E+04  2.285E+05  5.521E+06  3.29E+00  6.73E+01
2016  8 25 238  1.00  278.5  5.095E+08  1.537E+08  7.492E+06 2.123E-14  854.9   861  3.400E+06  3.652E+04  2.284E+05  5.469E+06  3.31E+00  6.80E+01
2016  8 25 238  1.00  279.0  5.043E+08  1.510E+08  7.341E+06 2.095E-14  855.0   861  3.391E+06  3.560E+04  2.282E+05  5.417E+06  3.34E+00  6.87E+01
2016  8 25 238  1.00  279.5  4.991E+08  1.483E+08  7.193E+06 2.068E-14  855.1   861  3.382E+06  3.471E+04  2.280E+05  5.365E+06  3.36E+00  6.94E+01
2016  8 25 238  1.00  280.0  4.939E+08  1.457E+08  7.048E+06 2.041E-14  855.2   861  3.373E+06  3.384E+04  2.278E+05  5.314E+06  3.39E+00  7.01E+01
2016  8 25 238  1.00  280.5  4.888E+08  1.431E+08  6.906E+06 2.015E-14  855.2   861  3.365E+06  3.299E+04  2.276E+05  5.263E+06  3.42E+00  7.08E+01
2016  8 25 238  1.00  281.0  4.838E+08  1.406E+08  6.767E+06 1.989E-14  855.3   861  3.356E+06  3.216E+04  2.275E+05  5.213E+06  3.44E+00  7.15E+01
2016  8 25 238  1.00  281.5  4.788E+08  1.381E+08  6.631E+06 1.964E-14  855.4   861  3.347E+06  3.135E+04  2.273E+05  5.163E+06  3.47E+00  7.22E+01
2016  8 25 238  1.00  282.0  4.739E+08  1.357E+08  6.497E+06 1.938E-14  855.5   861  3.339E+06  3.057E+04  2.271E+05  5.114E+06  3.49E+00  7.29E+01
2016  8 25 238  1.00  282.5  4.691E+08  1.333E+08  6.367E+06 1.913E-14  855.6   861  3.330E+06  2.980E+04  2.269E+05  5.065E+06  3.52E+00  7.37E+01
2016  8 25 238  1.00  283.0  4.642E+08  1.310E+08  6.239E+06 1.889E-14  855.6   861  3.321E+06  2.906E+04  2.268E+05  5.017E+06  3.55E+00  7.44E+01
2016  8 25 238  1.00  283.5  4.595E+08  1.286E+08  6.113E+06 1.865E-14  855.7   861  3.313E+06  2.833E+04  2.266E+05  4.969E+06  3.57E+00  7.52E+01
2016  8 25 238  1.00  284.0  4.548E+08  1.264E+08  5.990E+06 1.841E-14  855.8   861  3.304E+06  2.762E+04  2.264E+05  4.922E+06  3.60E+00  7.59E+01
2016  8 25 238  1.00  284.5  4.501E+08  1.241E+08  5.870E+06 1.817E-14  855.9   861  3.296E+06  2.693E+04  2.262E+05  4.875E+06  3.63E+00  7.67E+01
2016  8 25 238  1.00  285.0  4.455E+08  1.220E+08  5.752E+06 1.794E-14  855.9   861  3.287E+06  2.625E+04  2.261E+05  4.828E+06  3.65E+00  7.75E+01
2016  8 25 238  1.00  285.5  4.409E+08  1.198E+08  5.636E+06 1.771E-14  856.0   861  3.279E+06  2.560E+04  2.259E+05  4.782E+06  3.68E+00  7.82E+01
2016  8 25 238  1.00  286.0  4.364E+08  1.177E+08  5.523E+06 1.749E-14  856.1   861  3.270E+06  2.495E+04  2.257E+05  4.737E+06  3.71E+00  7.90E+01
2016  8 25 238  1.00  286.5  4.319E+08  1.156E+08  5.412E+06 1.727E-14  856.1   861  3.262E+06  2.433E+04  2.256E+05  4.692E+06  3.74E+00  7.98E+01
2016  8 25 238  1.00  287.0  4.275E+08  1.136E+08  5.304E+06 1.705E-14  856.2   861  3.254E+06  2.372E+04  2.254E+05  4.647E+06  3.76E+00  8.06E+01
2016  8 25 238  1.00  287.5  4.232E+08  1.116E+08  5.197E+06 1.683E-14  856.3   861  3.245E+06  2.313E+04  2.252E+05  4.603E+06  3.79E+00  8.14E+01
2016  8 25 238  1.00  288.0  4.188E+08  1.096E+08  5.093E+06 1.662E-14  856.4   861  3.237E+06  2.255E+04  2.250E+05  4.559E+06  3.82E+00  8.22E+01
2016  8 25 238  1.00  288.5  4.146E+08  1.077E+08  4.991E+06 1.641E-14  856.4   861  3.229E+06  2.199E+04  2.249E+05  4.516E+06  3.85E+00  8.31E+01
2016  8 25 238  1.00  289.0  4.103E+08  1.058E+08  4.891E+06 1.620E-14  856.5   861  3.220E+06  2.144E+04  2.247E+05  4.473E+06  3.88E+00  8.39E+01
2016  8 25 238  1.00  289.5  4.061E+08  1.040E+08  4.793E+06 1.600E-14  856.5   861  3.212E+06  2.090E+04  2.245E+05  4.430E+06  3.91E+00  8.47E+01
2016  8 25 238  1.00  290.0  4.020E+08  1.021E+08  4.697E+06 1.580E-14  856.6   861  3.204E+06  2.038E+04  2.244E+05  4.388E+06  3.94E+00  8.56E+01
2016  8 25 238  1.00  290.5  3.979E+08  1.003E+08  4.603E+06 1.560E-14  856.7   861  3.196E+06  1.987E+04  2.242E+05  4.346E+06  3.97E+00  8.64E+01
2016  8 25 238  1.00  291.0  3.938E+08  9.858E+07  4.510E+06 1.540E-14  856.7   861  3.187E+06  1.938E+04  2.241E+05  4.305E+06  4.00E+00  8.73E+01
2016  8 25 238  1.00  291.5  3.898E+08  9.685E+07  4.420E+06 1.521E-14  856.8   861  3.179E+06  1.889E+04  2.239E+05  4.264E+06  4.03E+00  8.82E+01
2016  8 25 238  1.00  292.0  3.858E+08  9.515E+07  4.332E+06 1.502E-14  856.9   861  3.171E+06  1.842E+04  2.237E+05  4.224E+06  4.06E+00  8.91E+01
2016  8 25 238  1.00  292.5  3.819E+08  9.348E+07  4.245E+06 1.483E-14  856.9   861  3.163E+06  1.796E+04  2.236E+05  4.183E+06  4.09E+00  9.00E+01
2016  8 25 238  1.00  293.0  3.780E+08  9.184E+07  4.160E+06 1.465E-14  857.0   861  3.155E+06  1.752E+04  2.234E+05  4.144E+06  4.12E+00  9.09E+01
2016  8 25 238  1.00  293.5  3.742E+08  9.023E+07  4.077E+06 1.447E-14  857.0   861  3.147E+06  1.708E+04  2.232E+05  4.104E+06  4.15E+00  9.18E+01
2016  8 25 238  1.00  294.0  3.704E+08  8.865E+07  3.995E+06 1.429E-14  857.1   861  3.139E+06  1.665E+04  2.231E+05  4.065E+06  4.18E+00  9.27E+01
2016  8 25 238  1.00  294.5  3.666E+08  8.710E+07  3.915E+06 1.411E-14  857.1   861  3.131E+06  1.624E+04  2.229E+05  4.027E+06  4.21E+00  9.36E+01
2016  8 25 238  1.00  295.0  3.629E+08  8.557E+07  3.837E+06 1.393E-14  857.2   861  3.123E+06  1.583E+04  2.228E+05  3.989E+06  4.24E+00  9.46E+01
2016  8 25 238  1.00  295.5  3.592E+08  8.407E+07  3.761E+06 1.376E-14  857.3   861  3.115E+06  1.544E+04  2.226E+05  3.951E+06  4.27E+00  9.55E+01
2016  8 25 238  1.00  296.0  3.555E+08  8.260E+07  3.685E+06 1.359E-14  857.3   861  3.107E+06  1.506E+04  2.224E+05  3.913E+06  4.30E+00  9.65E+01
2016  8 25 238  1.00  296.5  3.519E+08  8.115E+07  3.612E+06 1.342E-14  857.4   861  3.099E+06  1.468E+04  2.223E+05  3.876E+06  4.34E+00  9.74E+01
2016  8 25 238  1.00  297.0  3.484E+08  7.973E+07  3.540E+06 1.326E-14  857.4   861  3.091E+06  1.432E+04  2.221E+05  3.840E+06  4.37E+00  9.84E+01
2016  8 25 238  1.00  297.5  3.448E+08  7.834E+07  3.469E+06 1.309E-14  857.5   861  3.083E+06  1.396E+04  2.220E+05  3.803E+06  4.40E+00  9.94E+01
2016  8 25 238  1.00  298.0  3.413E+08  7.697E+07  3.400E+06 1.293E-14  857.5   861  3.075E+06  1.361E+04  2.218E+05  3.767E+06  4.43E+00  1.00E+02
2016  8 25 238  1.00  298.5  3.379E+08  7.562E+07  3.332E+06 1.277E-14  857.6   861  3.068E+06  1.327E+04  2.216E+05  3.732E+06  4.47E+00  1.01E+02
2016  8 25 238  1.00  299.0  3.344E+08  7.430E+07  3.266E+06 1.262E-14  857.6   861  3.060E+06  1.294E+04  2.215E+05  3.696E+06  4.50E+00  1.02E+02
2016  8 25 238  1.00  299.5  3.311E+08  7.300E+07  3.200E+06 1.246E-14  857.7   861  3.052E+06  1.262E+04  2.213E+05  3.661E+06  4.53E+00  1.03E+02
2016  8 25 238  1.00  300.0  3.286E+08  7.173E+07  3.137E+06 1.233E-14  857.7   861  3.044E+06  1.231E+04  2.212E+05  3.636E+06  4.58E+00  1.05E+02
</pre><HR>
<ADDRESS>
<table>
<tr>
<td>
Send questions about this model to 
<A HREF="mailto:dieter.bilitza-1@nasa.gov">
Dieter.Bilitza-1@nasa.gov</A><br>
GSFC, Code 672, Greenbelt, MD 20771.
</ADDRESS>
</td></tr>
</table>
<HR>
<H6>Last Update: April 26, 2018, NEP.</H6>
</BODY>
</HTML>
